5000
2391	2231	328097
27946	49517	332659
62532	2510	335538
3316	15044	327859
49732	47108	333464
37126	16561	339020
3752	35744	329261
42838	48036	331499
32489	27619	326909
44023	47566	332172
26967	57643	335915
8547	37783	324121
40689	81	331754
41415	62226	335226
19385	29787	338964
6813	9909	341044
60024	15908	324816
44047	27874	329146
12570	8486	334788
18448	54986	321598
34971	36193	331825
63529	37606	328353
63124	52595	341006
34723	57772	336272
9314	11091	325962
30352	38803	340783
36557	22006	333451
63507	44486	333891
52631	42114	325450
10905	17495	336536
55914	25918	323525
15533	60632	334098
60794	38646	334596
39674	30840	325978
29215	2319	329061
52687	38810	334715
62555	24143	338108
54406	38060	326266
12308	50174	334034
43974	14359	332693
27599	50707	333434
61664	55591	332388
20085	18754	338320
43976	30690	327820
16646	6134	332106
49296	38741	329988
7203	61683	329631
28064	34843	329694
29980	36220	328965
60126	23482	322070
4476	27934	323215
20614	23602	331135
32256	33578	328138
43403	24412	323771
53402	44272	332028
49531	56453	325399
42204	23317	331323
21303	58543	324925
47584	14390	336438
41060	39430	334783
5443	8595	324599
20300	34986	336522
19116	50432	340741
26737	26120	336599
34510	16320	322799
39068	43380	330136
33472	55851	328519
59288	27328	322298
38711	27750	334939
30420	11857	335902
52851	26051	326159
27770	29292	338526
13500	17578	337656
28066	53565	325933
14656	23820	339817
33014	37827	336294
5570	43732	337594
56472	53602	333045
1911	26886	336478
6718	29197	331718
36666	41203	337934
60265	14010	322772
26031	8287	329983
53776	39947	325011
10669	4557	331073
18687	50838	323019
14549	36767	324495
37298	43103	323401
27581	34862	329892
14916	41787	339309
20850	34734	330985
58640	43995	326391
42462	62177	333535
37648	24322	321690
37342	35855	322846
19966	48154	337641
59420	22982	340231
60823	18179	335745
63068	6765	325085
56496	48892	321615
42032	50311	339002
2528	49952	332434
26564	39287	334039
36287	16081	340088
13354	48862	324551
15092	55900	327003
18507	59842	325903
58196	63591	333720
10626	27113	327388
61300	32134	336974
11492	14986	321583
49995	26185	330541
41633	35194	337727
55006	18182	330833
37402	11069	330822
5818	21691	341127
48881	25220	340174
25123	47547	338740
34898	43437	335276
25978	48226	339548
15529	1686	331470
60338	47766	337732
1181	34720	322517
55660	53893	334120
36060	60169	321729
46821	46918	330566
39969	50256	329200
36011	41789	332641
20565	52595	334159
19895	62297	341165
27684	54576	324566
31699	8859	332401
998	14417	339301
6632	53355	328712
11463	52986	339370
62762	45161	340179
40798	53387	340523
33539	50239	327776
31145	34978	335315
1109	49574	325006
44170	61117	328693
33628	4983	328775
19970	28325	324376
10327	16316	332679
25412	55495	340904
8449	51370	326908
33867	7835	337411
53288	52092	324079
23100	59097	341022
945	40711	331542
20531	30060	323624
50376	60253	327528
6719	53782	324991
12418	4314	338268
10216	2172	327009
62079	55239	326787
46089	49057	332905
17989	23146	329503
37482	16978	333433
33490	39465	333411
39853	16369	328701
19097	42499	330374
12156	51169	338405
24488	20315	324811
57274	58810	326500
50860	11763	339373
22948	62659	324463
4853	27900	339101
1164	20246	330413
43426	43134	340038
16471	25591	336151
5519	22645	325744
1627	37921	340016
38487	28851	339588
2142	30856	324263
20046	7348	326127
62943	955	339928
22665	16345	337555
6018	14787	330134
34110	60058	331039
11272	41930	324880
17491	28783	340019
18695	17835	330639
28712	36426	334909
3901	3754	340719
48815	27853	334445
39521	33843	338655
5048	37027	323545
15745	402	323991
58828	62545	331576
49571	41067	329923
29209	26515	335131
38870	48319	332292
32102	53096	335531
40498	3818	324153
31721	13696	333897
15268	55583	340461
2415	12254	328983
23139	30999	329499
26757	56750	334078
50622	37755	330990
2282	24214	340606
2503	22500	336897
26110	61542	335380
1416	43192	323741
23170	5991	331753
49680	49538	321779
25237	1277	328288
39204	57180	326761
44962	29116	337438
58161	61596	322120
35430	17216	326768
46259	47915	321613
16583	12952	329368
20927	27564	334498
53372	41136	331680
6393	42459	337440
32309	52160	339731
35842	53220	330072
33154	62955	334095
53363	50502	322965
52059	48826	335139
44758	23458	339382
38992	26597	337179
26048	14655	327570
57270	35591	322306
38681	50310	328833
24146	32154	328712
25615	36927	326818
30158	40876	322788
10147	3508	322854
41375	61619	325580
25195	35323	332023
24923	27585	333046
34833	48760	324135
53561	34377	332559
779	48099	332576
57574	785	337289
43128	51041	327863
42564	4614	332152
37375	2117	322586
60267	21193	331553
33686	38245	330311
38094	39656	327144
5538	22101	331101
5316	21025	340982
27657	51034	334101
26777	53397	324035
5107	5544	331944
42684	51578	336154
5966	48156	326146
45980	55941	331568
62252	61316	337860
50563	1030	340732
19512	59561	339286
3560	59073	334148
62281	37262	324486
31689	42533	322250
30796	44396	333687
17597	36432	328553
46743	47087	321554
12091	57644	324482
22996	7333	327441
31627	22191	324637
28815	50640	324645
2125	48424	333116
21309	44641	331289
63417	29220	322310
32458	40969	326634
56109	18344	330216
34590	32444	333689
10668	9251	327167
53630	60499	328849
41312	56395	328028
1422	21810	330126
58472	48832	325047
43617	30894	322386
34195	34196	329269
62029	14426	328268
37235	36444	327417
46760	16281	330790
9705	46220	322110
6108	44302	330218
41916	2122	338948
4476	34555	325056
11640	5980	337555
32722	54120	330138
21786	19960	322506
63320	46217	333175
59041	28855	335963
4337	31674	339334
16099	48164	340216
58882	37434	330840
14730	14308	330841
43261	56914	327711
25316	23312	327550
47881	17505	330857
52660	55180	337219
11432	11829	338168
33408	49113	336547
24495	32407	327158
56283	31458	329140
4612	31485	340680
36053	4928	329351
59090	49820	334510
7134	13483	325416
9855	22456	336948
59798	48935	340125
8513	48757	327515
60542	46308	337847
17321	46744	333764
61619	49299	335473
46246	41703	325233
27794	31192	322650
33687	25462	334292
21455	29607	333551
20089	60458	324655
43817	24670	326378
16006	41424	339741
28325	38055	337448
19687	45457	334104
43464	9446	337523
22004	24302	325936
47793	52313	333939
49219	38848	331348
29131	46952	329349
33090	15662	334704
54536	17077	337246
27362	17057	332607
8673	41473	331638
31378	20380	332505
22531	20738	326403
35745	32974	326646
26756	43180	338736
35219	38293	341118
60886	26860	331581
21924	11181	324486
21711	12918	339417
13822	11784	337529
9793	24858	340329
48723	62460	322765
656	52620	326503
11152	26363	336671
3942	6451	326173
15698	43331	334395
3717	31533	327930
49613	42002	331904
31386	37249	340379
14501	44177	332989
44122	55545	329305
54689	48348	336688
43526	3819	333395
61007	10805	331791
2305	15727	325867
41966	10663	328275
54078	41562	331455
63277	55289	337929
54137	44622	336482
57863	45347	321712
47171	17736	335608
56264	4069	330471
9125	40412	327959
29704	27955	340676
12034	18658	334074
29598	2308	326914
31482	34047	322920
23981	45618	322864
52156	18263	338132
19806	15755	324399
30098	33104	321969
56980	4402	324454
42867	28031	330632
18679	11421	323979
21219	31879	330971
12159	31297	339164
18984	60974	329738
17920	55885	337443
46189	12266	338553
49713	20579	335821
18539	29354	329918
10293	52011	335490
22978	33991	334538
48796	12578	339847
39607	18439	323645
11836	2508	334539
21711	19484	335636
59350	20260	330380
47061	23767	321763
16140	28526	325184
55676	24046	328887
30018	29693	335710
32664	27929	340723
5932	49057	328622
4625	62696	323599
3682	10755	329973
59562	21738	328500
18268	50958	327786
60859	15519	322190
59734	41420	325002
30101	46675	329041
36693	47372	326819
43925	46007	325539
57077	20729	333166
45978	30767	325066
47770	49413	322099
46577	46354	338460
51798	14471	334157
60885	19380	329534
59945	8381	323266
35724	61375	331310
58779	4092	337560
11654	4202	326455
25895	19502	328764
57713	59188	339771
25544	29657	323316
27147	34813	333921
51558	51698	333125
47440	27942	330684
9171	45605	336631
22461	31322	340491
4469	14750	327343
35450	29539	341160
8818	32791	325197
50746	17641	326692
14053	29078	341030
22107	15137	327250
34481	43439	329820
34680	42413	332487
6574	60564	340364
53852	34645	324061
15486	27849	328873
9239	33520	323904
8432	36060	340553
45930	40225	333213
36669	48604	334187
13297	29991	325192
46248	15339	341069
1788	61014	326861
8611	49661	338434
50246	2393	329502
26417	48271	329834
52847	26	326254
28429	43098	339620
9726	32392	340410
5308	18558	332236
49361	58151	337640
42811	26145	336810
17044	30072	327964
53881	16967	322249
10048	25830	323980
150	32778	332417
20970	9774	335528
43053	52119	337665
49097	2074	340046
58275	38075	329381
39261	12627	327691
14410	52002	340773
42651	2481	324332
27181	25985	328062
16261	16237	326998
39187	1476	339680
58507	56092	339635
33141	6331	326707
46653	31252	335607
55320	24424	339139
59956	30532	339687
57793	16238	330158
6224	59805	334797
39939	60589	326100
38848	36406	328145
10327	10842	328469
48878	14703	335916
9880	63291	329957
22855	56407	322521
26998	24539	336143
23486	14096	325993
34773	12961	321918
22200	44484	337247
42998	18753	323935
31557	10444	326806
29816	11468	324431
40965	38269	323473
17898	15954	325407
54134	32053	325394
50144	1497	323884
3361	11690	322058
33161	59927	329937
9525	58999	328141
10877	49434	340468
22240	26306	327747
13205	25501	339333
21713	30266	332747
31459	32624	330737
19619	4982	336856
49359	55074	323534
52268	36513	339159
49885	41927	339675
37768	38652	335537
16922	44255	339720
28522	58293	325987
57654	8995	335611
56383	25649	321877
24089	53258	332670
16720	62473	340703
27180	63539	338653
19794	9339	324590
41138	15097	323875
38114	13792	332838
62854	60366	327911
5967	26432	335789
45338	49316	332057
27696	36716	326101
54132	21487	330619
48733	25628	332347
56143	20068	336641
13767	44976	328037
49183	11294	329085
49806	18760	325331
49078	53024	333752
24043	62060	327050
21819	43180	340612
61958	43681	333863
9292	43713	333011
38410	52752	337734
17292	48191	326045
59921	62916	333044
59711	25637	328953
42072	39349	337385
44693	26557	332766
44681	38800	339898
17025	47413	322216
29657	918	326676
19785	41409	332254
16044	48691	329891
25120	660	334352
29589	38733	335784
58750	26374	340915
6576	2562	325773
13139	33922	338153
37323	121	339883
9807	27000	324533
3939	28102	326718
13589	37305	333498
15625	59186	332209
41363	62250	335761
49352	35360	330861
14826	42028	327417
63264	29628	332051
41623	5814	338126
3913	55216	323301
37654	41883	334957
1461	14353	326912
43891	40028	322762
22087	2149	325066
35415	18287	334687
25379	7174	327020
5804	2262	331929
22079	44428	329757
18946	15214	323495
32735	23582	325845
14754	14469	331068
62622	18502	325660
35759	22980	333356
18474	34400	324882
47090	33702	323908
21986	47512	335096
50291	28781	330803
47604	60538	327310
15881	61875	339850
13161	7700	330085
62239	32149	340998
17770	40482	339256
30316	8324	330042
44987	30061	335380
37161	21096	323561
21891	16834	332926
12741	14335	337546
23849	32718	332068
35046	61381	322595
26706	20453	340038
1198	41416	333517
58601	29610	332215
33316	18411	329865
8917	10559	334366
40045	6618	337166
8743	61388	328148
34855	46726	329505
32407	12662	330884
46525	30769	328655
34285	40607	333835
20487	8424	322812
15222	34832	325781
14174	54653	338633
14717	11358	323185
54032	30021	332981
15318	50336	336712
122	51192	339080
9786	49588	341127
10352	63636	321876
23783	819	341020
31768	51041	326442
55239	22716	330648
45573	37027	339601
7216	23767	332245
38701	1882	335413
47560	24193	324969
22183	34719	330343
44009	62364	324855
6227	7719	340446
43650	59754	328424
39545	51916	328823
19898	26003	325056
6172	2156	335448
39648	11966	340040
30634	30211	335546
11065	28047	321627
51058	20580	327979
50246	32095	333240
41750	25644	338831
48858	7323	324299
41509	48546	334484
6655	16958	326125
29781	21114	341135
33949	57752	329472
46259	26497	322924
25696	54166	341169
36712	14582	334215
56245	16733	327496
27301	48389	323216
26713	27087	339325
51939	11697	330391
56101	19858	330276
59629	12703	328588
36111	60234	328680
63389	51003	339307
54480	52926	322605
11888	9099	339089
29449	22964	326478
20316	8129	330931
4492	18806	335535
7480	57622	338316
20631	13721	331312
7505	9401	338538
59790	49385	332882
40675	38429	336176
17068	35891	325048
37959	25865	339792
32382	18497	339705
20653	45893	325533
24688	19288	339189
26431	61188	331804
30650	40967	322879
5387	15628	338797
58707	43675	325052
50442	19222	334542
3325	36962	333631
33131	53420	332753
27000	6098	327300
12615	61885	329142
30330	40251	336296
18123	59347	333388
16133	31835	341148
58341	13831	335024
55821	22716	335813
34155	572	335800
30945	4721	330288
222	8993	336048
24349	52028	337371
40294	51107	339347
30114	48399	340185
43834	43073	340685
60764	29595	335699
35217	62347	332780
48531	61552	326195
19280	26884	332403
23041	60403	328657
1701	38012	332799
19862	4835	333911
15607	47147	331068
30977	9316	336151
13851	10489	339701
17049	41542	327014
19181	49249	326705
35776	59041	334615
28236	37159	339634
21962	48708	336921
45664	63199	324497
30152	42935	331286
62008	47070	336232
57288	33308	326148
15685	34561	333787
51111	6979	324132
35037	26834	339052
62077	28840	341111
21268	9803	338000
15620	33671	336350
28905	16067	340981
20707	56469	340137
62210	52161	326943
17773	31218	327046
30912	31893	332051
54567	29358	335317
5891	58353	322961
8353	10700	337422
12909	52419	323677
51071	2499	334071
41434	27490	330022
9563	15343	329069
51884	55386	334867
26390	6984	339396
48625	45913	333015
10609	49157	338424
54786	25963	329928
9425	46778	331026
30742	61834	336786
59732	58904	322290
8049	35098	340456
49778	45979	337885
2315	32703	338002
43298	59714	322318
31155	60589	337825
5161	6521	339271
47297	315	321883
27240	2595	339486
13347	29121	338997
13826	4704	329748
120	599	321825
47660	3871	323578
48258	58868	327079
12601	38056	328995
20699	4151	340300
18337	18496	340115
11223	12687	340351
43588	5771	333003
62981	5154	325596
25824	48385	338190
13926	27038	330704
39227	42756	323401
45515	1753	338328
34916	34825	332184
37826	28005	330812
51815	42918	340051
26865	28042	336486
58671	2728	340009
58922	26085	325101
27887	8680	331598
23715	5658	332796
33625	51472	325655
21198	44572	339753
40565	57861	325286
44697	4930	335075
13942	19498	326259
19714	18472	326145
15497	36607	339787
52170	50930	325967
27748	3731	338779
48935	2447	333019
12100	30762	328924
8061	14885	339870
32586	40321	335650
3224	12166	336189
14955	40559	334163
29792	22609	328171
10063	30442	322941
43899	59591	330749
9387	21318	328243
23323	59743	322086
15000	55838	323229
60768	4351	323368
62144	27510	328667
41705	795	323394
41693	63459	340390
59854	46269	339629
51605	60228	326714
63213	34305	338654
8940	46513	327600
33879	38678	324246
54788	51546	336018
53322	37531	340813
23354	2500	334709
1089	4185	322585
9022	62954	335995
15052	36237	331596
52319	10588	338264
6092	20731	321788
5997	30707	336387
49290	23447	322267
45537	26575	337151
6040	34381	328101
47063	24250	339931
57799	12649	328798
24751	47213	331514
17621	15250	335037
31351	62850	328130
39598	62221	326867
28657	12753	330168
2296	53597	337861
54389	14729	321869
50553	13763	338062
53120	62322	331596
44198	42595	331725
8612	5176	334073
8817	39111	323086
36543	46846	329605
15135	26593	339251
56486	38653	339477
21696	38784	323403
20753	51812	338788
44286	48797	330735
41495	43132	325121
16971	25117	339714
58828	28497	341053
45545	17036	334176
63304	9868	337531
52285	33858	333631
29697	84	325707
47563	7100	334836
35599	58977	339636
24480	49256	333270
14697	36955	328298
24063	41480	321785
36866	32372	336033
62986	49913	327227
1465	46499	337930
5531	55663	330996
101	21456	324393
1623	47240	322215
2347	47753	337011
991	6140	323691
39649	41890	329204
63107	57912	324765
50628	31750	334354
1057	48589	331796
2152	29325	338483
14451	61595	339131
22140	10599	325765
17107	32299	323546
18048	63103	325788
24246	43237	327307
25858	10313	340917
8820	31711	332932
6443	41434	327738
25753	61927	325905
27298	22905	334299
34730	28633	335186
25763	21137	337207
16268	61297	328965
29832	20778	333052
59556	53125	327832
57002	45335	336733
59694	36154	331285
34316	1568	323568
19590	1020	326091
46146	33798	321723
61544	51717	332345
8778	25076	332205
3994	17298	330271
58167	38868	337478
23803	25489	329256
8237	17920	337083
27623	34456	329869
1238	44693	328182
30657	2453	330014
8769	33475	335249
50891	10035	330134
51522	43902	327073
23591	16772	340126
77	9667	338442
52736	34682	328659
5977	7779	322615
12063	56156	336180
15567	11854	341021
53526	15316	331644
60716	45475	341143
18304	37646	332201
33483	46678	328906
46723	20976	332301
21681	33437	324327
53336	30099	340052
54027	24381	336489
55414	63606	334132
56103	23272	340893
40562	53064	328465
36108	35861	322208
16575	40018	335808
33184	31523	333715
38406	55584	327295
60680	30836	334913
40103	42850	324696
63292	38909	337944
50303	49687	324588
50326	62152	322228
41955	45828	338266
11809	11742	334482
47124	59426	330721
54881	46080	337393
4298	35962	338300
40513	55050	328413
19474	39064	333886
58688	15737	330088
23324	52324	323897
10389	47220	339710
37984	59965	329077
23375	18884	329173
8861	61935	330061
62232	62808	335021
22058	38226	326982
42617	4555	339090
41363	47629	340226
43335	19773	324219
3845	7140	335098
26796	10973	323360
61645	40589	332724
22036	4698	323055
26299	41642	329526
28576	46158	336493
21049	13120	340200
20782	51180	332334
26178	45732	340979
731	58955	338280
46623	44094	329044
42545	28488	332071
457	25615	336842
8479	1412	335175
59653	38234	331880
7711	20002	325483
25293	23864	331457
30852	63554	330594
48824	56936	334459
48150	28667	338061
26590	13350	334421
21126	21352	327484
12965	40832	326264
61425	18674	331963
51982	2064	327474
30079	56566	335950
43197	42965	329120
44393	51331	329213
32828	35053	326424
57253	39527	337232
28553	10379	322611
45595	58802	341146
61276	44386	338579
19076	5294	323040
53228	22019	324351
24024	63261	322467
14824	8730	327581
41548	6744	333026
4570	58729	337658
6881	46686	327207
34850	33031	332923
59466	10751	326420
34700	13425	325883
8444	33979	334247
28055	15822	322196
36908	45702	334164
36258	30668	327862
4460	51817	323271
35411	46891	338269
56914	20996	325981
52968	54851	325249
35924	40494	322642
46441	711	337963
38300	30324	329810
35276	47884	339601
61173	62135	329068
58976	21801	329426
43621	3498	326735
52691	20429	333308
22869	13294	337057
29571	15482	322124
52941	34671	334595
16912	18326	337294
35609	47666	328324
12985	32527	330552
52458	7076	330210
15356	50532	330222
55011	3053	327412
23466	56144	328675
10505	33552	327730
53009	44880	329591
52818	19788	331341
566	48158	331156
36321	58201	322493
28908	7023	329422
35557	14236	331270
4057	2460	328317
18246	34674	330011
19846	2311	328505
54247	7059	330176
57712	48862	336045
29419	45904	328821
51064	52605	327874
35183	29125	322292
2084	5183	337599
25941	44492	341167
41658	23961	325657
37497	16715	324898
41485	50928	327834
21324	49751	336977
40312	13441	321788
37103	32528	323381
27991	5304	333386
29317	16863	323825
12545	25233	336037
6087	32558	326233
10475	37447	337011
17706	26114	324261
7379	353	323384
55517	17213	332144
33079	41964	338026
13213	41820	328820
15758	33340	327221
1818	21837	338681
30811	39047	327326
58439	54336	324081
29227	13074	339807
27606	25659	331042
1603	54556	340550
20916	38420	326158
24544	51600	328469
52018	6549	322108
11940	42671	332918
34725	30015	339549
25811	29407	324150
55064	56367	334412
19570	38655	321916
20900	3715	338812
31662	40964	331606
46506	57542	322387
21001	55729	325205
24405	25723	339571
43802	59022	338410
6168	54416	326142
42468	33697	334424
40945	50088	334583
20765	25698	324531
18303	50712	332585
1948	52204	333852
21660	39939	321920
62532	45618	322732
52602	48194	334777
49296	48985	323419
53643	26084	340883
41554	45813	332103
20906	36473	323268
34967	19282	330215
60089	40985	324246
5847	8481	333277
62432	48545	339192
56622	6221	340579
8501	62832	333293
32542	7292	331508
41568	23698	335394
63063	52484	337547
57509	25415	334640
20771	38911	340989
31468	24380	336485
15758	27175	339514
41765	10171	337648
5591	10203	326789
53827	43248	340748
16949	38608	323203
18832	42070	337222
62349	52665	332280
20171	2984	326677
34611	35168	328035
52340	36286	321586
62686	58394	326887
14789	53535	326618
4689	32616	332570
3880	25024	324767
39834	22559	323605
63061	55193	329433
9222	57546	326948
52142	63564	324857
40970	13790	329168
51493	28249	336750
37038	42322	322243
7324	51140	334192
8946	49112	328406
42514	16491	323037
59766	26973	340485
34750	19165	337315
1084	60076	327439
26946	50115	332128
51560	3666	338237
39255	26859	325838
33477	38542	323605
45787	37279	340529
21473	55476	340716
45396	61421	330376
33049	51857	324581
26544	8708	322191
20230	3771	332282
43307	8316	336943
24778	8531	328401
33776	19343	330331
8199	17087	328180
25525	63286	327122
3628	12525	333892
6118	37346	332058
5279	43389	334491
18996	2350	338323
63320	24518	323539
22951	16570	333557
62393	1734	330370
37338	5857	338761
50658	49547	329614
32968	442	333030
59487	61168	332442
38329	4236	322972
39184	23574	325757
54649	30948	337264
141	16161	322956
54503	34929	325653
40978	43530	332190
24400	40489	324052
4139	50522	340341
4597	62000	324844
49427	44193	334055
3920	32253	325379
49952	63554	333373
60224	14185	326557
29247	8537	330292
31092	61991	325827
24417	28022	334602
21643	2038	327132
13231	19443	331645
32090	42149	327575
239	109	326787
16084	9709	338299
27426	6514	326516
54081	55712	338607
45941	3465	325240
15102	43143	327386
38877	43944	331906
43966	44848	331298
58200	39545	333277
5652	11343	327635
6815	17559	332306
29281	29154	329081
22104	1374	332732
57727	61646	331701
4106	52128	328362
33477	10889	336766
6931	12487	333679
50204	39891	338015
47329	2544	334247
61084	58207	333446
62566	40478	322355
50312	39157	327170
18147	47985	340834
26129	20040	328806
1110	37737	338468
6700	21489	325337
11692	2139	325942
52607	33227	331701
25356	8674	336420
60004	1180	323904
34585	3868	327555
40630	54802	323810
6112	38598	325952
53422	25337	330346
12024	34726	331738
49951	23641	338961
12139	44317	322150
5865	45724	336180
5765	32056	340087
23239	32852	322587
29575	4081	326643
59641	1305	333211
13699	59122	340805
2540	41199	332251
37358	63533	339163
51357	34483	338738
31816	26484	335090
4576	38312	340448
58968	9896	326898
42647	37832	325390
10769	45771	335026
57786	58671	331806
24419	13433	328090
27506	48641	336767
23448	17094	338990
59140	20458	326196
62937	55579	321815
26785	19058	337824
41205	57897	334700
43449	11020	327411
52940	8554	337160
17996	35953	332162
16072	1021	329947
58241	5580	337440
41442	47463	340463
46087	16244	329193
16586	13714	324226
28968	58721	324968
29087	3761	327150
25292	4756	335855
53486	58267	324286
47172	2337	329558
35151	5937	336796
29951	3892	336344
43652	53343	321918
27025	40255	324856
17107	39240	338094
47021	29031	335909
4209	14409	337789
18481	17268	327324
48603	19425	335463
34294	8553	337114
43383	49352	324288
9730	50474	335601
45301	40839	326476
55727	3313	333851
39357	3168	333545
10771	52604	322009
1570	32198	335062
12758	18088	331614
54498	30598	335071
17956	15336	321605
43764	51903	321847
16795	5272	323244
52425	36123	336151
31254	27270	323056
22911	58567	337222
20870	60465	331110
26613	41253	333174
57611	61047	331267
20960	58765	326978
25415	54273	324113
22995	20020	323772
30343	57968	326000
59636	44473	332086
16384	22007	334535
2272	4113	326113
54500	57202	326490
36830	60435	324903
61534	5880	328040
53787	25575	326510
23114	32357	332225
16996	58423	339637
57490	10002	330559
42346	41715	328187
7618	7291	331909
30625	25463	326545
55070	12542	340277
25686	19624	339121
5640	51695	326420
46460	59663	338914
45039	56135	323558
44311	51983	331219
24961	7637	330344
7013	40230	325514
3110	10955	321576
869	62860	327534
40205	17802	327312
9122	44447	334285
30483	45904	333132
48700	34531	328257
3749	17220	337782
58654	5366	326062
10251	46993	334576
5444	22933	337808
63566	49538	338239
35868	34179	340980
7585	1609	331475
13843	24374	328160
16706	38932	321885
5638	52835	321564
32967	27912	328334
21835	48337	333607
62572	13411	328459
41352	35670	338141
48953	62224	325044
1887	30910	323538
50875	26925	327953
59879	6519	335535
14291	35670	328401
8590	7279	338784
30611	17250	322420
40196	33193	333412
20008	23269	334135
47282	40990	323556
8529	40021	336743
63637	26793	331632
59477	2109	334292
58669	28265	334221
47885	23031	334414
22203	20716	326412
20548	31896	324612
1185	37642	321589
48127	53970	338015
11121	32810	322737
49801	31975	324144
43220	9880	336373
25902	32605	322995
35340	15767	334128
38688	62176	331615
49131	47850	333776
51349	13179	329441
62501	33517	333181
20686	55279	337071
31067	39022	339067
15322	31621	336189
25515	41165	326165
3987	22926	324231
47900	23802	329648
27809	27220	333700
11217	47842	331797
20675	62680	326148
62623	35457	336532
48726	389	338823
61126	6114	339230
36040	16860	334050
9989	6837	321821
54605	31210	340064
15706	41909	328710
51873	414	337088
46990	10503	338146
34555	54095	336926
852	62918	324072
42413	17124	326540
21010	17253	327702
10574	23571	329003
14657	33905	327518
21398	35480	331408
30213	26402	326594
36812	58187	325206
52940	2653	329645
8451	38953	338700
32292	3597	335180
35487	23070	326096
10874	62276	338491
46062	16037	325481
61218	17838	324098
51157	43778	329173
13482	46264	333128
1345	15435	327000
43136	25548	325145
53476	17331	338952
37000	58726	327111
50936	54677	337770
23388	52244	333245
54498	13081	322104
18403	56920	332292
16002	38055	321976
12495	57722	329623
4365	4229	330138
12980	34444	327786
37526	34604	322354
41935	18348	339018
47844	13004	328632
11496	53081	333511
59345	40518	321806
47228	52876	326115
21959	50253	337030
33550	21125	326899
42751	31084	340892
22824	43352	327062
41361	21388	333849
41121	27068	335579
58250	30427	331615
5643	59742	338835
27782	41088	333242
63637	55219	322087
62222	19840	323612
14801	24954	322644
32044	9613	333705
61944	23961	340778
25505	55844	331337
55510	19898	337844
8181	37163	335142
39770	62856	325027
1830	43075	324720
53496	34405	330258
42777	50504	336345
8033	62908	338564
17613	9104	330001
57814	14771	333735
37630	57482	332965
31164	42820	335444
18599	33112	339652
63009	19046	321996
24791	44145	328522
41063	14856	336399
20398	61218	340019
8984	55267	337737
23784	43665	340969
50526	24796	323399
55624	25153	328931
10407	21280	325540
28989	42250	329409
2541	62586	326989
21968	47365	326382
4073	32259	333291
25307	45334	325195
49429	4560	328614
40248	25984	332228
41854	14698	330917
5189	4372	330759
16850	61591	335770
18328	62387	339441
21357	17999	323357
33125	44395	322662
57269	10580	339640
56622	17613	334555
53126	2334	323658
35641	34191	327446
17385	51540	324560
32015	49301	339872
24084	48360	338310
37516	39710	337999
53502	53210	340376
12232	60446	324152
30893	48771	322004
16173	16273	336496
22444	63512	337645
43220	14302	327978
29839	48586	328728
13063	44018	333474
27860	8046	340655
61833	35868	325100
34863	23570	323035
49953	36893	331806
14254	55635	334365
32012	48346	331768
41183	53825	321992
44460	48530	337289
41391	41189	322557
50798	22718	325839
7882	8958	323599
28637	63492	327269
55108	12026	337177
61660	23331	330762
40183	58440	336054
25609	43417	331735
48903	32951	333298
33155	17815	333118
40139	30009	329817
58141	41028	339895
19489	62485	336780
2871	32281	330484
16816	56214	326580
6079	1138	333238
14660	52957	335225
11638	62715	328408
12662	7599	321829
56302	35417	326045
35537	5183	322118
3432	42403	339278
44305	35327	324482
668	31397	324703
10633	29343	323621
19482	35317	336851
54775	43402	332535
55159	55805	323753
55071	3119	324966
22182	20453	324550
40135	21613	325559
26313	395	332163
11338	880	330026
26279	59157	333924
25838	27812	338130
28719	5998	329174
18724	23012	327662
57817	48275	333590
47214	8612	329565
17028	57724	327341
8203	20409	338655
28343	48235	326633
13228	60139	330686
45855	60850	324713
157	37239	323149
24028	43671	333652
62840	31973	337967
1877	18283	323637
7396	42358	330940
62289	29621	323761
57866	4811	335616
12456	4944	327068
60706	5362	333893
38930	54828	331062
38989	24958	331122
2333	48166	322210
58366	45210	338320
484	42075	332060
60553	60353	338264
50308	63078	331436
18983	63537	325269
56110	32937	324008
46710	46290	336916
23809	5199	325600
20346	3829	338071
19107	15510	339309
37889	9612	331611
63025	23864	333477
18277	43291	335987
52995	50237	333673
17270	50778	323858
52589	10975	334206
56110	3892	339336
8567	53180	340968
27467	41249	330907
514	24340	323187
46139	45967	340507
59045	58055	337207
23793	18071	339620
35578	6212	331420
19640	39085	332268
14202	18144	329133
57353	32837	322900
42423	2798	339308
3413	20419	336300
31671	8791	335633
594	19603	327520
9229	63577	339537
14810	51351	322035
57143	13730	337592
41821	55554	339269
7653	4724	322903
42408	11765	333528
60401	9231	324467
46499	7486	333556
63486	4927	340613
5909	57894	322227
30534	62411	332501
36469	18605	339784
6575	23513	339323
14400	19601	329606
47504	3613	328604
2174	33573	338764
21767	38627	338726
61235	22353	333061
57836	50374	330076
59024	34330	329471
35378	35426	326512
29669	13220	336067
63663	9970	332401
35910	19823	328980
6381	41074	338937
36610	17654	325452
29431	41802	325798
31131	31804	333247
35144	59494	322021
3631	41858	337635
22793	28802	335479
22012	2038	327797
38082	22431	322203
23699	37632	332237
17606	30006	326675
769	63025	339512
21413	12331	334621
3444	38336	322510
61645	57155	335617
31767	43354	322322
28560	15054	324654
42154	23285	321935
4351	53103	332936
43164	58453	324660
36821	33260	332127
57533	18139	336392
3046	4125	323169
8296	63686	323878
43865	53511	336182
25219	2767	340751
11549	22534	327650
1463	42613	326433
49026	13146	339179
57210	57747	327988
48793	54590	336996
22905	13195	332608
67	18325	329710
45154	20722	331984
27455	19625	331062
50789	23245	325747
25432	18364	332153
25971	5900	329499
22830	14364	333741
16320	34973	332048
50937	15550	338791
55460	49970	338205
44414	13855	326856
58670	10400	325964
49177	50640	336824
20884	33761	337545
25833	53382	339026
31543	32191	337154
9368	28202	331774
46596	58723	337505
23325	3883	329723
24656	9344	322879
7014	33369	340383
47687	21603	336182
10760	58322	326803
26724	8571	340569
42484	57891	337622
4507	15121	339001
13226	26754	327715
60505	37034	338131
11741	36062	333296
22337	4962	321527
36246	55826	330262
50173	60764	322235
17723	62587	328890
17347	2326	325870
23946	33706	328652
12925	32309	326818
4996	22020	334056
22711	57307	327399
45229	11210	329828
17679	31613	336127
2875	59108	327493
55236	57838	333080
56460	11149	329828
49900	27185	337762
48131	6218	329396
50847	3937	336659
1107	27119	333721
29958	63103	337919
18918	27173	324265
19992	52198	337181
26524	36619	338733
58338	40765	329860
38389	58857	336541
48525	52958	331638
12209	47800	339892
48927	3097	336610
3815	32419	333652
24273	53308	339510
24789	54874	330576
29202	5185	341022
33854	39006	322893
60543	27042	339514
57530	21669	337095
12791	28529	329997
29790	47930	321880
26326	30097	336356
30568	883	336455
18762	16728	333902
23089	24730	327106
15717	38829	333203
44606	54136	332377
62222	36354	330842
49676	3140	328773
46964	34232	324946
51079	53046	324604
30863	45990	324940
7953	44593	338514
19372	38179	321989
48144	11624	323434
16241	32709	323599
32014	43406	334443
58217	27842	328738
959	59578	335655
16059	39709	336313
17000	42384	325979
46513	22089	321567
23805	53507	326093
48071	18941	326006
20705	8233	337934
2802	1818	334042
1074	32620	338026
24812	36771	328783
48975	26651	324545
17506	41930	330497
46523	15614	333391
15932	55388	332065
33029	22510	337160
41103	22582	337836
2080	7867	321678
9761	17036	326710
7865	30785	332167
16587	206	322808
50650	62565	326416
52697	46985	340351
54429	48664	331828
19690	32743	328827
25618	45616	322557
1063	58890	323619
3896	32557	325403
19651	45916	331339
63074	12533	335577
37047	40182	335976
40072	32398	336891
23462	47421	333020
38707	57348	338615
42806	58184	335140
3691	10462	324728
62400	57159	327617
4983	61712	324418
8647	3830	326336
39669	10998	325786
46143	43060	327781
15027	2855	338836
48414	41575	327629
8512	48053	340921
6681	44050	340367
31609	29273	327300
2418	9300	338551
38338	29254	325017
59617	43098	337789
63488	60076	331855
1754	58556	322036
29188	41195	336817
39085	42651	338934
15229	20740	334940
4357	9129	337241
32170	10574	337550
45138	27330	332923
59081	41	333767
24872	38493	337467
31044	19555	327866
44295	16026	331109
16566	51634	328853
35404	42248	334101
29282	48878	334065
40296	4123	329625
36240	12571	326818
55075	34012	321630
25555	62465	326036
22149	8936	334084
54627	33372	327023
31981	22375	336480
5557	22641	331114
3269	39748	325565
22074	41772	340796
16985	11771	333498
9764	3167	328979
17903	19380	339690
3061	59806	330721
51323	4749	327516
20615	27445	332208
50416	48072	333526
21872	19427	334607
30383	57198	334299
36874	47929	335885
34139	36330	329055
59791	34516	322914
34842	42905	339442
27606	46700	327483
52982	3074	327615
46990	34707	321776
52792	21343	336655
62046	30448	339763
57719	25451	328809
36109	31905	340717
58067	3098	323295
21454	46713	337632
8078	10355	330684
62194	31922	331871
27476	18569	332188
41948	19408	325790
17983	39068	323301
41355	16926	325430
31067	44801	337808
17338	11439	325669
2741	19922	326232
51785	42081	332196
33222	30824	333812
53544	24568	324369
33169	35127	327611
31957	63214	332880
25593	31819	325539
34759	44888	332542
47148	58443	340030
49473	60240	330639
34680	28437	323385
24198	15415	332624
45712	26544	324982
62175	28704	327737
37837	49972	321789
21211	51093	337789
48668	31048	340836
26724	47768	335999
17546	7014	340374
55621	3568	334736
33426	35328	323286
50686	54980	332604
32421	42547	337406
50293	42294	329085
32512	29996	329805
37609	54835	321738
2724	59308	323679
49128	5553	333349
20972	35591	333821
15848	45479	340923
16866	4386	328383
49312	31886	339480
12970	25399	332525
36334	56850	322219
9157	9832	329430
17563	22115	339568
44818	5892	322039
37318	61830	334021
5162	56525	322874
5661	32010	328760
58528	15445	327664
33249	2661	334065
12583	20337	326274
6456	31327	340621
25941	8673	332079
39045	17068	323034
60655	9589	322002
4469	42759	325538
2070	54705	332664
32376	56370	327418
48680	39510	333084
39914	25315	336727
58612	2350	334289
54498	11296	328038
34371	46389	328970
63286	32139	337516
32732	26866	324572
762	10493	335236
54581	52039	325267
18775	3185	324354
14967	38738	339931
6795	3206	338946
34821	51769	336029
25603	30105	324885
56741	774	328989
26709	544	322923
9584	26098	323706
27095	46939	339756
59538	15119	322166
7732	18708	323646
18119	23132	331789
43024	5031	334374
23827	12531	329603
17865	49221	336771
10889	48932	333810
21879	590	331769
2663	27779	325919
28541	13911	330180
16087	53827	325083
21897	47768	326874
61219	37950	338213
38910	12556	326573
38774	55582	322261
10170	4203	323648
1773	33096	324733
4880	32598	331893
34178	56587	332723
6181	15574	323125
37764	12021	328467
62790	52278	340634
30145	12640	334809
20755	9448	335632
42193	1819	329115
44057	26161	340066
3080	33889	339109
56111	31039	332115
805	13028	329114
25222	36059	331353
1276	23120	326412
28774	47682	330500
34814	35430	321830
40749	12503	334356
51859	50430	337441
4092	14529	332057
38753	29722	328906
11885	44312	322011
6792	47953	339748
3342	58797	339595
51520	22533	331868
49172	24144	328064
55558	36274	336064
54173	18052	333056
9865	58740	336381
54978	30936	323785
55876	54852	324245
62153	46298	340098
15485	25838	339768
6745	41820	330771
25155	13587	340901
14358	24060	331587
58768	15580	329165
15137	41383	334636
3751	4751	322317
53632	28238	335889
42261	30214	338112
9379	1993	331449
39642	15363	338339
1229	11438	337949
14368	24654	335397
59205	41875	336076
45865	61982	333751
41824	28155	335705
25236	53827	337797
39936	8072	327029
16867	5929	339005
16521	21441	332654
1425	43708	324970
23078	37917	324072
25108	33320	326130
24154	11640	337280
3396	39786	323533
59602	44105	332211
34080	56649	329941
2618	27850	332664
19901	25577	335262
20749	33565	337878
21974	37215	339103
15814	52475	336675
53501	44136	323593
17001	52094	330915
26746	14106	324291
3138	57863	325311
59637	32755	339164
41427	10395	338837
55432	59490	330354
20037	43865	326314
54560	49833	329048
20785	49858	328627
32791	59770	332382
26664	61638	321965
39532	4174	335995
43231	56524	322478
63539	16163	324010
32601	16554	339145
43534	59375	325027
102	25225	326418
22463	27508	323971
7890	63505	335479
17160	49909	328281
49046	62565	324247
28623	17933	323862
48443	18931	339320
37626	1348	328032
13722	59395	322587
16759	54128	337203
23291	34487	326235
58520	56028	325235
53233	8643	331043
55259	43837	337755
49303	58312	328683
24996	52408	333282
33334	39045	337618
35379	40427	326143
4309	57604	322182
51349	37197	338315
59993	40453	337621
18819	35835	341053
44462	25494	338116
31865	62814	327480
4945	11330	331204
14811	9026	325781
59696	20743	331688
28394	52851	321748
53455	31585	337270
39571	12518	338239
202	20457	330023
42507	5326	321721
48002	59637	325524
17229	49768	329507
16236	51187	338478
13542	36342	337547
6554	61618	328290
13753	37405	336207
39134	35850	330577
182	50815	333481
3152	30818	328837
44334	56269	331115
9465	6399	338737
14675	29785	331080
18683	29741	326165
62586	41850	339229
52075	22346	340314
32466	31728	336400
38861	46517	322915
30981	56940	338553
24379	21118	339235
56176	26103	322964
34485	9734	333015
61389	47908	323831
37363	37417	338131
13585	18117	325529
16418	21476	341158
710	2540	325451
30835	62405	340834
61759	21935	333193
53041	253	325341
56176	47389	333835
47287	39650	323965
21637	53691	330227
8706	5724	340782
44906	16726	334653
41278	26161	326658
24967	35573	328164
24313	2782	325822
41987	35973	322696
62959	28549	336015
26091	23137	328866
36511	404	333591
35972	56650	332196
50869	50881	334335
30921	42292	340183
24200	6219	328094
4691	14930	326775
326	12581	338102
4087	30335	332558
29068	37076	329073
5045	11602	338383
25731	42556	322815
18788	1163	324003
11666	41342	326544
8886	27921	327141
49455	42719	339245
33664	56567	324547
38105	34455	324991
31723	34602	327708
42144	23432	329520
21448	17246	323280
5816	2001	326619
29445	21831	336546
57757	23921	336498
61321	42139	331570
44340	43993	326138
55210	48042	324676
9737	16304	334812
39295	28986	325559
50463	13014	337771
42867	28029	338262
21865	53891	321892
47261	31118	336360
10413	58027	321976
10281	57742	330703
6057	23004	331489
26261	29611	340405
8291	56112	332121
39140	36929	330258
944	7984	339605
11077	42108	333757
40938	18279	332774
42529	25315	339259
27426	44986	335496
18007	39771	322305
59953	50564	323956
16645	585	334875
7447	35631	328364
27446	4153	327762
20450	46361	322646
33645	33664	340960
40709	38588	338032
31050	13089	336286
57917	48916	323619
35707	19220	326291
49436	27237	337382
28571	20541	339529
18457	60349	339859
60895	61831	328639
50182	14148	331767
52295	42567	322413
7639	43075	329609
63624	26405	331526
54922	27870	333563
33936	26577	323780
46160	46130	338938
31485	27221	326436
10850	40163	334302
3313	3961	336756
18282	1500	333347
8475	16896	329648
61408	15249	330740
51812	47778	330489
42189	53459	324851
17281	44813	339797
57734	3236	328063
13770	51755	324160
37770	40314	322442
42191	34680	331820
1715	56367	322539
7660	6128	332585
30397	11252	327230
40434	14404	335744
5203	26566	337604
32341	40032	335298
63222	14962	329757
29151	39445	330413
48639	44204	325397
19295	42982	327583
43500	14068	332226
13093	7478	327573
63621	57784	337408
33204	42296	339971
62535	24201	324657
24856	12586	330852
29034	40454	330765
38926	16495	323880
11190	47236	334035
3652	22346	324376
56339	45393	325443
17441	31254	340522
36639	45742	330230
5802	46720	331533
33407	63386	323712
949	42796	322878
60975	39002	335509
56487	50991	337532
56872	43868	331576
23357	32389	339571
40112	36593	333780
19998	51662	326688
40256	35923	329942
36231	10018	329796
11723	21209	328893
46056	26206	334643
9523	33438	324682
7622	60750	340034
52192	49647	338515
27188	40020	321789
28136	37776	336557
34355	20249	329342
55202	47449	328975
11542	52488	322545
36797	6582	332615
30893	38867	323857
33500	20031	330383
11613	17534	341045
2700	2369	331817
35839	56168	336813
11794	44405	329488
30268	32654	322851
62716	29440	340404
1545	56925	337282
10471	3315	333745
32684	49078	332454
30004	42701	324874
32274	60270	329955
55129	16842	334180
11446	36777	338021
12689	450	337498
54817	36486	337911
59563	31604	337823
56463	473	337547
26917	55702	338159
40364	28997	335632
96	39093	323605
48986	32181	335506
45923	22562	341136
9441	45229	334955
17751	63545	330239
56717	35311	335744
52156	25247	322007
49417	20789	339131
25761	45085	326627
23426	12044	331783
29347	15491	332204
45803	43353	330037
3485	63730	325868
1609	20867	322926
51148	53958	338759
31962	17648	321954
20943	27575	337481
36218	16808	336842
47996	1262	338520
9731	15955	333082
27781	54978	341082
63265	55489	326327
15481	37433	335288
24633	28385	325775
42290	15011	335966
39451	3340	322257
33947	3833	331581
31957	42979	329951
31311	48843	329877
38777	38549	327413
14117	54609	333352
24678	12262	328454
4904	8521	322523
45632	36170	324693
63178	20130	328934
8989	45648	338350
52236	25597	337272
58348	414	323843
60926	13339	338850
59814	50455	340468
8335	47515	323361
59806	15915	323896
8132	42497	337101
21789	42747	340194
36200	62196	325805
61396	17054	337328
47352	52758	334369
9319	32395	330332
7414	10454	334589
19999	14528	340811
17546	21732	321684
10818	43447	330379
31880	39254	331000
13965	13726	330477
14647	3829	324093
34972	22752	330835
32386	45190	340224
50776	51830	324180
8765	14378	326322
42333	6779	333523
40028	38375	322853
39413	54195	322613
45310	56362	323106
16400	6280	339917
35466	53753	323751
44103	46797	323049
46627	15609	326057
54852	34348	332661
20258	4006	338866
2058	15160	328249
32586	40314	329784
17742	46841	329272
55298	44155	327166
60624	49518	340415
49459	26342	330991
11105	52620	331959
39319	60521	329609
48052	32721	322218
36340	28636	324607
60218	51098	335180
23643	7664	331998
62262	20956	322730
38972	23140	330769
50733	49011	321756
26900	37242	334460
41495	45807	332570
38150	8887	332498
26806	14761	335525
63133	21953	340331
61538	3307	332113
43434	59195	334003
52544	6167	323311
44549	62810	325755
59886	55655	338968
47064	5595	340412
62541	54411	331587
1506	61016	326748
40060	43347	336528
56858	30297	332109
2041	41095	336741
34987	61041	335396
26003	36369	338757
35980	41670	338454
30261	11179	325271
55184	6751	330790
19948	4586	322672
52044	20224	337157
48019	55997	335477
57955	46350	340538
41645	25110	338887
61814	43415	324826
34977	55330	322418
9811	29936	323636
20587	22534	333659
62907	42102	334431
18107	11910	322561
14155	13768	330175
9591	60464	339959
37768	54341	338571
42968	60567	331708
3950	15121	340998
55167	9407	324034
34475	676	327802
22395	39837	338153
37926	41902	327841
35996	20889	328148
36388	22333	327121
38330	19820	339008
1055	8990	326045
18962	60323	338692
43776	41982	332194
14083	41460	331829
10716	33537	328904
1437	19126	327964
52798	20003	325531
17236	22967	339084
11253	22752	328586
4026	30146	323824
39156	33600	335577
31036	30913	322503
43713	57222	324617
41036	39359	326911
16766	5121	334037
55718	14493	330748
37626	60367	336378
60690	17109	330159
46623	4553	340869
40724	17922	333968
4064	33309	334270
28057	18290	330995
56690	18397	333844
47659	23188	340005
24812	53864	335597
11145	6524	332907
35323	287	339152
50724	33535	321776
34947	33606	322657
37248	53026	329686
14004	11461	339762
61960	16190	331818
31147	30907	326465
9710	31689	330225
31936	48092	329648
30045	18144	330953
31195	19590	339887
52116	14147	337401
5581	26521	337571
44886	35323	334717
15748	50158	336835
51497	39325	326677
14196	37794	321626
51548	24674	323757
52268	4949	333988
7048	54255	322549
53360	20546	339504
15202	5531	322764
44246	53647	326430
8149	27121	323646
46027	56571	336792
9306	49372	328409
19472	53283	324050
21816	13053	322455
28605	1838	321987
46432	6359	327197
45494	11177	327164
49036	62434	323933
18434	43078	325564
14061	60992	324817
10141	8805	330571
53121	20750	330033
16769	9774	328860
10407	4994	330614
25691	51813	328733
59546	34038	330831
46999	34100	327478
35709	12872	331248
31527	29231	325816
1693	45024	334254
49641	32997	328243
10589	18058	328865
58452	51241	335389
15791	15540	322176
11057	14770	339746
35564	53257	335123
15872	8341	338003
44893	21659	327030
19917	8899	328677
651	23794	324458
41828	336	336873
62108	41444	322120
3839	4224	325032
43857	10918	334189
49528	52141	328414
46188	4203	321661
39574	14584	339637
14977	17832	332968
60956	30072	332403
21112	25373	328764
35263	58875	321617
27545	5341	324644
40752	36667	325354
14798	39874	334141
51507	52922	326102
13728	45535	322253
1097	59689	337176
43085	24331	327528
6750	60969	335766
58310	58918	334285
29852	15466	335008
33784	36671	338138
54406	29574	323794
55589	30092	336894
6302	57559	336262
25170	58967	324262
17846	16712	323226
5192	62287	323021
13479	45417	334751
31262	25284	339909
43566	44103	329991
13281	29022	339210
61123	8599	336106
52699	32608	330492
51598	23476	340149
24548	35631	334091
37258	20403	335731
43952	29706	330763
41800	60253	326041
53847	48196	335482
26595	20357	321996
60782	13963	323890
2325	15959	333127
46492	10301	334920
19544	42826	336409
40636	44641	330055
55679	30755	336794
63323	16769	328863
27910	60343	333387
44474	35384	338284
58097	9479	323702
25587	52094	324790
51741	32871	333206
14148	17246	330241
58513	1850	339700
46537	58306	332006
26313	51919	333040
46664	44620	323404
7350	13151	335029
56534	55937	333779
28638	17337	329957
984	25672	323492
51489	39254	337701
15383	48226	334377
8794	32151	331751
5535	40281	323560
39143	23697	338437
52575	38429	327596
12198	60765	336246
13997	63674	322111
6144	47892	330682
47657	11929	324182
1658	18476	331205
58793	33794	340260
43792	4675	328801
32628	46440	321570
62228	56424	329926
52713	9090	339535
59460	4870	336760
48254	19794	330431
28044	1500	326995
43949	50040	339810
32867	5000	332441
52179	56542	334784
59490	58932	335432
29932	57432	329117
9767	27041	335651
28707	50759	334924
33763	57606	334743
1107	294	330739
58667	41627	331903
33207	4337	340421
41301	58576	323745
44194	64	327172
1305	7781	329719
5750	19979	324668
14554	38649	333273
21783	17789	329540
44096	20631	337478
46172	11049	336370
58718	19372	328582
3783	41630	325945
56626	22792	331592
36491	59212	330904
27231	35425	333852
42758	29935	337745
16903	35640	331634
12988	2146	328710
687	56602	327820
41832	23363	334273
62626	37735	331682
57837	41071	327524
39608	1274	340662
28710	42930	328642
5924	37668	334098
19247	31404	340265
17955	60532	334576
55618	12240	334989
40748	16324	323145
32499	34540	333084
57014	26879	322201
40071	11452	340206
7860	35123	338506
23342	50093	337388
42189	63195	340902
36859	63121	325819
3435	59654	337144
30746	19707	338184
43202	27685	333704
38043	29590	339925
11755	23116	330660
57982	36824	335054
53593	35652	337392
38932	32836	334889
36452	37011	322430
8335	59179	331988
18373	21047	327755
15286	4436	328179
42605	18405	335867
6449	13684	324793
8125	43501	339713
40902	60413	329661
45266	27907	322038
52445	27819	337300
63175	29315	337534
27138	23901	336808
476	61461	340932
62597	23448	322012
51307	33528	334312
16000	5974	325304
44251	7072	329038
60823	11015	337379
56816	1852	322500
20063	48181	328447
10575	18467	323784
55276	32198	334471
23568	27044	336725
5240	51133	340409
35126	27128	334155
55538	49226	326264
34828	33401	327126
35676	57909	335991
1323	26857	326490
25577	25130	330775
53506	47322	327181
42180	19694	322376
43018	6074	340972
24361	19732	331082
60326	33627	325502
34193	7207	340324
25192	32978	331250
48754	37396	340208
4669	24173	328037
39020	33154	328756
21658	36187	322314
14051	26332	323770
14079	15202	336520
24477	52032	326650
57116	39049	338285
3917	56153	329616
26585	40767	331645
60845	39940	331833
58116	20285	337509
28091	23493	332571
55261	19322	328522
8419	20151	321560
17971	37601	328688
20430	2745	325993
47227	30414	328689
1516	9477	326895
651	31071	324217
2777	49298	332668
27017	25981	334672
13448	28138	336374
59625	43821	332033
37192	34151	333985
60955	58740	339577
7652	62275	331311
56439	50467	331507
28851	19276	340793
50828	15199	323427
17757	1115	334192
56321	42898	332074
16713	52133	337028
8188	45433	339715
25609	39	331663
54441	36343	337262
61461	26004	339244
48237	20929	324058
20127	1422	339982
31415	12410	331589
4357	10585	335271
28511	36298	339084
46647	4539	325017
42574	23096	326538
7580	57408	336512
1207	31598	336669
17665	52719	332867
18795	56878	325725
34774	22648	330817
32631	59025	340185
50216	8092	323048
50723	54619	326164
47211	49272	335108
20516	63549	324442
59120	27843	328744
38681	35336	331568
6887	20102	329092
12259	60373	324912
25202	41957	328969
11361	10355	326727
53872	5941	323473
58337	58966	335933
52046	34266	336369
61809	7838	337881
56015	12425	326083
27690	41323	325385
6949	20727	337909
6466	50776	332910
2268	2055	339340
8818	7584	328393
60950	22265	340003
7027	41922	338853
37455	45699	340709
19926	58469	329348
59124	38683	324501
12739	62831	340576
38606	4575	322495
53528	51787	327019
32066	54352	336652
26684	32601	328377
63372	1097	337556
14360	15830	323766
50481	19811	332349
54501	8949	329645
32817	10290	328889
27620	3237	331368
13611	25315	337479
17380	42560	327076
17720	37534	329073
46055	34885	331959
36400	45195	337792
24969	29646	323269
50130	36397	328268
14500	37065	341116
54847	43897	324176
57241	58343	336793
53373	23006	338940
55800	5559	322304
57339	4208	335356
16123	32002	330473
12469	44445	330291
13366	16403	331119
44411	40929	337110
37169	2367	334630
37996	56514	335833
63065	38643	328340
43461	27802	326603
36649	38887	338848
36716	14859	328069
38499	57421	325450
55509	39635	331017
5109	33549	338878
60073	14011	340659
317	50207	329337
8937	2426	326259
23827	13365	335394
6610	45678	328172
14235	44986	334547
45837	33992	339946
52577	49311	321882
50135	48046	335108
44502	41242	323306
9333	51242	331249
46878	63498	328158
21717	56769	336406
21316	1555	338852
11390	53890	332697
40491	22741	333083
53927	686	327479
28896	671	327386
59507	32882	330432
15130	10296	333000
30590	58423	322038
3877	30110	324309
6790	59265	325818
59890	43172	326099
212	29961	327606
33241	3848	331902
25733	39220	333494
13931	29832	330135
43285	9413	322941
56374	35407	326636
25889	45449	338441
40770	36801	324978
39824	43199	337900
36821	1756	325659
13041	35611	339494
59402	44998	336458
7164	32083	338982
54695	37937	327274
60588	23693	328096
29004	4174	331549
9627	48324	337003
23003	28721	338178
21442	61819	340870
19756	60297	332094
41400	17068	336067
44650	6747	327199
29922	62066	338658
34993	27834	324920
35549	40778	335526
45368	24210	334978
6010	23896	331480
7250	13300	325288
30707	1790	328114
42541	30276	329389
835	42113	328056
27123	15297	332377
26053	61610	338765
22935	59660	339010
20374	59699	331120
9228	6583	328412
3434	56571	323591
50300	43428	339348
12352	25235	326465
56969	45985	332478
58156	57894	333382
28059	60232	325976
7586	917	330341
7067	24284	328340
3432	43312	327969
31686	63703	335745
53742	53498	329964
53295	5668	323035
9254	29977	328644
62661	42463	341093
42457	60354	331974
59483	42549	338191
32641	41786	326736
18808	17976	328136
24178	59168	332965
3384	57040	338110
8122	19182	338876
8543	5091	334344
2412	7925	334811
59471	42062	340098
62545	43088	333964
8405	57288	334769
43089	19347	323619
55744	59632	333866
42418	58630	340130
12576	14293	332840
20995	26093	325888
23016	20627	339232
9330	794	329857
8682	42499	325967
38697	28730	329647
19584	20263	326070
21620	12968	322369
1357	30676	337435
57280	41222	336520
51576	56427	326182
28112	54726	321872
62232	57056	328415
27880	31768	332043
13710	57053	330660
62410	14186	337875
48580	52853	334061
9072	10758	328220
26272	39869	335850
48885	58063	339548
8236	26258	336185
11239	16814	332729
33467	19339	327852
30415	31728	324643
18294	11907	330677
17088	16864	339786
25866	52405	334057
15396	35978	327775
47711	21827	333856
18414	57245	324790
15876	36585	328587
51372	26384	328029
42782	43889	324403
35433	26341	340811
34179	30857	338974
2379	57638	329954
22553	19955	321897
18981	49520	329277
61037	16581	321909
1531	55144	340377
18332	30939	334703
14141	1919	335817
51111	52626	321950
15959	21004	327038
50390	3767	330931
30291	54910	323108
57683	57057	337295
3151	723	338558
32938	42872	324584
25149	19982	331335
32895	38627	325963
39463	13721	336143
52684	51866	324282
8136	58236	329611
19437	55668	341149
59368	26479	335101
62530	52906	324741
16141	20175	330272
33476	32964	326211
20438	40718	325678
18990	21838	326933
50084	32256	333592
39722	2790	323659
53323	20655	332026
60027	24309	324614
13402	30894	340412
37468	26620	327107
13001	55171	333733
35800	17910	333317
62992	61031	336167
4229	17689	326503
50330	7090	326507
37402	38895	332824
48961	51767	326679
36146	48310	329942
33972	46703	324794
939	52559	325392
6583	43581	333068
30370	56199	338468
30896	45141	324551
33540	3407	327010
10783	23814	329795
4594	33863	328883
59066	22793	329696
39635	1294	332195
53035	13048	334241
25896	4322	333994
963	11668	339291
8688	37297	322188
14221	8226	325588
15111	45884	329580
51266	39959	339282
3098	27745	336424
1445	41159	333733
56256	42206	326811
52954	40725	335085
21564	44572	323563
36393	4718	335603
27379	44690	332998
2280	53950	333938
30915	9739	337503
47126	34334	322588
35007	6736	326310
27032	29181	340286
24257	30011	321564
33522	58074	326837
60636	32704	327821
39180	57816	325592
3548	12110	340690
17879	25374	333298
1017	6106	338199
2557	3171	331430
61263	22538	322803
2083	51374	332047
15084	15476	333097
52984	51328	329338
38849	31896	331948
22949	58737	329178
34320	7494	337713
30154	61931	335202
30054	29000	328158
13273	13266	330783
58139	38655	328757
31154	12151	323632
2545	3235	339366
62207	48780	332957
26955	37784	337079
19166	38606	336136
47181	25678	336950
41413	55832	333602
31038	49829	330342
12782	30068	336469
9100	34418	334387
14581	59607	333690
61910	13122	323632
40620	11564	340831
50912	45222	322234
26263	36247	325703
28816	58745	330907
11668	27066	325289
34064	2467	326247
56712	45018	332284
40565	37019	324824
34793	14851	339128
9615	22245	331503
5167	56545	333861
40197	32843	337977
15618	28219	328532
47296	20577	326322
63375	39864	334096
28197	15450	338982
51046	36277	327794
26193	45114	332588
8331	45592	335096
45557	39996	339241
50282	18420	332793
22802	45780	324396
51930	56094	326916
16641	62369	339504
44614	58156	324040
46131	50290	321989
19577	36306	326784
4847	37176	338089
57530	59888	330576
39802	1733	334818
20576	23508	332208
36318	57917	339062
6455	33220	331933
4761	55416	328677
20429	9637	322637
50002	53785	334000
41196	14953	334886
18440	6633	339619
32668	43484	337581
32069	27294	321929
30172	5699	340997
28235	14486	333072
56718	52929	328986
25983	23731	325315
13129	31947	325544
60539	37867	338456
62195	15120	327277
41939	7848	326545
59186	47885	327071
32806	62098	334536
16371	41055	330369
45926	73	331297
47369	60037	335551
31292	21480	329364
59498	47690	328670
56776	3721	325252
802	13040	325429
61190	59418	330776
45265	53137	325434
50899	9227	336679
38992	48944	331418
37968	44500	334218
31995	43185	339167
36949	58652	322076
40760	60475	337345
35165	8280	325950
59572	23671	338049
34384	27181	330050
10226	4359	330799
6407	54538	335404
40442	59221	323690
50754	37122	340712
44468	13999	328716
36554	8464	340578
3857	15590	336621
35462	47184	321656
28036	346	325276
35004	4742	337676
55066	58153	340427
4521	40378	341133
37258	5724	334165
40203	13233	338971
12697	53757	335979
47623	49109	323676
30415	7184	334668
28325	28427	329984
22738	32257	324731
11575	34350	335355
39996	52980	334934
22681	25255	322281
51525	49603	340677
38826	3647	339705
46112	24442	335924
50699	61974	333202
14433	34267	330388
16227	11508	333542
28816	23813	334251
31457	54021	339884
20425	40888	324578
55375	11677	340126
54155	39882	333325
40409	3790	331153
51727	12613	327496
25525	63325	324674
55875	19737	340310
7648	55044	329122
48238	865	328139
1134	24920	329429
43964	59064	330689
7446	55161	332099
62503	51011	322573
2238	5810	322310
22973	36727	327044
38585	33696	328240
25310	40508	340125
33474	14004	336924
60306	53147	326741
43394	8191	330803
5179	11740	328131
44683	38001	336927
16434	56311	333496
13754	31080	341013
5425	43660	324624
50301	20122	326591
23436	25422	339640
51987	50311	334406
31756	29274	334657
25366	20819	339708
24597	27914	339133
60670	59051	323770
5799	11661	334449
25402	60809	335815
9771	19622	325377
17392	18771	324999
8575	37116	328976
60569	62088	333652
26095	5119	328587
38745	50298	325609
53886	15038	327503
42044	47874	323674
30322	12916	325529
26392	13216	324119
55345	39331	340777
59606	31469	338036
22646	50745	329145
55846	32862	330236
44155	53844	340710
4726	39988	332573
31657	25418	338217
17851	37954	322716
32159	51047	321799
40471	31720	336400
38340	44145	326673
2630	1533	338223
6512	9595	326741
16351	40321	338835
13093	10510	333857
54232	25296	325106
61494	39807	326568
30687	40040	326685
6230	61780	336495
4085	41020	341115
51208	61104	330905
32750	37052	339079
32805	10799	338468
58897	19017	325403
36145	39690	333837
63379	21651	326798
10319	50881	337877
11055	963	330796
46990	63710	321651
49003	1246	339735
48955	25297	321932
6874	45695	326465
7271	5036	341012
33019	58501	333259
52312	57436	339269
49474	50537	334267
32651	62533	324293
53593	34562	336924
54423	54294	332538
32052	32311	325114
15151	11280	322616
48926	11272	332757
43321	49891	325676
5643	2282	331187
7453	24662	332942
4004	61444	323664
38688	38531	322096
51947	43962	325730
6493	57965	323967
14287	1625	324956
34720	48320	324344
27260	48179	325191
8440	59671	323374
20829	43458	340747
60768	11231	327187
16785	40843	329455
6627	24193	321796
13088	35732	328449
47506	58863	336879
63483	164	330858
16059	19404	325593
24286	59199	325292
16058	15277	335855
37148	46780	329164
58057	34422	336034
958	11080	331137
10846	27527	339131
14434	24254	322220
51761	62635	333460
45912	13460	334582
54459	4618	335418
11961	60451	339706
7400	23836	332314
34668	12744	325406
51262	45186	328721
50131	55300	335263
21505	49106	334559
39754	51405	334305
10819	60436	333889
5443	40316	323688
34948	43155	325178
53341	55984	337455
14431	2025	338155
56532	35578	327689
55933	29297	333300
27133	24794	329907
1146	7697	335560
9028	40984	324776
52819	54542	337800
6706	63032	330034
27769	49894	331528
39306	5117	325845
48727	50326	322148
55108	21429	335304
36346	54085	326893
12166	63685	323286
30872	16870	335058
62573	54553	329865
17412	676	322213
13909	39565	329142
16597	57857	328071
47866	12319	324638
22628	45419	323447
53889	23010	331542
34938	59583	339242
21823	36269	328179
20988	3194	337651
26042	33366	335098
38443	37464	329626
25334	20076	322334
3515	23314	327646
24682	63030	328924
60840	11697	323959
41817	52100	339801
13455	13272	337294
8676	33636	334004
45603	40316	339610
19295	26114	327235
49253	54131	334397
62474	24351	326836
2409	31897	326028
60506	45065	322894
60978	36786	328905
4334	47243	340773
37602	58111	335298
51	3500	327228
43523	55722	337913
27125	46989	338657
25087	6663	330492
19696	30970	323190
4454	49547	336901
52640	29333	325312
59523	12658	340780
42164	4951	328458
36122	58524	322691
35346	61617	337574
46136	25055	326035
29584	5887	336954
54213	57145	326365
20319	14836	332562
27911	215	326636
1591	52287	328947
48445	61453	333761
2181	13477	340271
44424	30868	331727
26667	39478	339963
42590	61044	330265
50170	15714	329386
44267	34606	332304
16432	31827	327734
18407	37421	331496
42090	20426	338882
39475	19743	332803
25971	48464	337029
29031	506	331010
1527	24344	337493
42584	31935	338726
33550	9272	324163
50112	60531	338339
61207	62766	337432
39478	412	339387
51271	50034	332419
36993	61142	336314
39891	33141	335621
12837	30219	327846
11934	33152	337988
4916	2016	323057
60901	38165	329306
7827	14763	323690
29605	38047	330580
62230	40615	322443
52673	33224	338852
39894	51158	332910
17019	48493	326145
36967	39853	337967
40127	24994	328282
34805	33014	332284
18854	6060	334626
32912	12539	325655
55008	62234	339368
42438	54963	327516
43150	24639	329157
23420	4382	339882
698	32842	340706
33859	51512	339086
36821	48512	331499
16820	62216	334953
52410	54301	335558
57512	7919	330683
54769	16474	323464
48800	7231	332000
57911	9846	326511
18140	55679	334262
43761	19925	329616
13338	6394	334791
5999	62110	332829
23590	37996	326901
3874	16106	341114
35659	5316	322690
32060	9407	332162
39132	63668	323923
34703	33103	339413
42667	35952	326855
26877	2201	340343
61699	51788	332455
45565	14586	336064
3493	63671	333213
30908	46788	324223
57463	29571	329462
58490	17608	332788
40310	54722	328872
23439	9605	323001
56670	59542	341059
30945	60001	324892
15032	31666	325079
20068	53144	337735
50130	55993	341152
29100	39652	327447
16926	2838	335923
42772	60199	336041
42018	17787	329054
27608	24051	339830
20715	19043	338141
45064	53379	339745
40135	24461	329434
43128	7607	339874
58991	47586	325039
61136	41312	325743
63079	4227	326745
17255	37823	330449
11412	63671	333089
23900	35004	337037
59438	39306	339463
28310	45051	326547
40644	25798	324247
21470	39520	323588
56454	29603	329556
39203	21923	337105
7926	15001	338178
46737	16312	335997
44432	43946	329321
31545	53231	326257
20333	2325	322033
37201	31203	333519
14216	47176	321950
13955	37402	327612
19039	41293	321960
32227	51418	339175
7915	52569	327322
12422	8381	326370
20388	9476	322409
47990	21520	333497
57147	34230	328053
5268	29897	331379
57525	46728	324641
31315	9640	332351
58609	40704	331088
49618	63492	329870
33178	7666	322897
54291	9089	332979
13093	49053	330753
27774	29941	335690
53717	47581	330625
39055	21325	325481
49547	7676	324096
43888	33804	331701
22244	2808	331943
28622	61258	339865
41016	38207	323570
26842	44451	322494
28223	50444	336569
51631	24117	323861
53966	60655	336151
7866	28104	329315
46811	46601	322229
14489	31165	331504
4403	514	338111
16228	17020	324541
27765	5698	338678
38385	12740	340236
43409	19394	326102
43285	42926	329618
49737	30181	336423
54181	38418	331511
28993	20341	339257
32416	54136	333648
17513	6936	337020
620	35071	336152
34779	12377	324740
50204	34691	326944
61833	22668	324179
30424	4164	325594
33547	55033	340911
42659	6627	333060
12032	59432	330942
38958	38152	328853
10360	1531	326292
27009	30980	338082
63559	56980	329947
15176	20341	322590
20847	32013	334842
38343	25892	332509
58939	56480	323155
58323	11650	336651
31540	46159	324630
42527	23629	330626
46417	10968	325380
11586	23475	322371
324	20686	331419
10511	45782	337015
8124	53665	324837
35484	24270	330589
49543	57819	327251
25721	53602	340136
43810	55349	330474
12900	36333	331232
58268	9845	330968
50418	3930	339280
6378	10207	335019
46328	42641	338944
31579	14788	329475
8444	33881	334858
21391	2889	339808
323	34354	329484
28905	30497	327243
34688	34454	329479
49561	23175	325123
59338	12582	335670
35924	8945	331795
16035	39807	334362
29390	11758	338068
11831	24169	336855
22063	32503	328424
8421	54600	325868
18443	39682	335384
61522	26246	325317
13413	28717	337703
30812	24837	340578
14753	57540	322340
45367	59333	332045
36032	2813	327391
46230	48066	340544
33785	5467	337934
29364	27931	331799
13649	7534	333649
28714	49045	333600
2889	38477	332791
12629	25761	335422
10740	45784	332282
63293	27202	333913
56661	4813	323753
14375	35828	338649
17018	55824	325917
51961	48704	330394
17433	44680	328382
21928	50636	323374
55840	20136	337712
3798	31406	327445
29748	23245	334247
62397	38190	337692
19807	61518	330263
49289	58378	340761
34662	42561	322502
62765	36483	336510
39608	25037	334307
32483	51838	339759
14621	8510	322781
27071	20840	337004
6482	35575	332355
15214	61113	336839
13812	4897	333705
58101	48153	334033
43111	4374	339982
23417	51491	335948
47717	63305	340084
6117	29785	323138
37671	769	331024
32262	23646	329902
25752	22500	329886
36169	10926	325849
43253	27171	331790
12570	7464	336231
22761	53612	326384
4577	2757	340056
52392	27703	338581
35892	9813	329595
33764	44324	337726
4120	59392	336906
61045	33366	329080
47105	2774	327371
22941	62468	329995
7078	12799	339117
39893	1597	337800
6210	46373	322120
55384	22722	336450
12561	14164	322240
51096	53703	321598
26503	19200	323747
7963	6196	332515
25112	60462	324271
7966	62287	333204
23459	8536	334459
1292	28243	340121
51518	23095	337279
15110	45555	332523
47469	35106	337113
33844	19823	327029
40891	34150	340950
15786	19701	324868
16145	24871	334449
38692	42835	335610
26456	61242	325511
54825	16509	324446
35588	57946	338824
22432	21900	323645
63608	5827	323474
29342	28664	331275
45639	6607	326901
20272	14981	332975
4931	47736	337142
44228	46459	334460
43625	46302	328211
31354	52993	326985
49236	16949	338177
61341	42318	330329
8947	15562	322289
55887	3272	337263
54937	59734	323969
14235	16795	326440
47747	24104	330413
25223	49429	330119
14138	19637	340611
11392	62448	339035
34683	39678	325634
27893	17234	329057
8690	13781	335652
15412	7120	335130
54888	61386	323093
1242	42885	321890
25480	56653	331335
13619	51927	326306
14337	32236	334778
37896	40096	324867
26830	34461	333093
31950	24049	328584
36930	2965	327209
52065	51612	329061
35892	22613	336528
57251	52032	333282
8248	58361	323709
23695	22276	322692
1283	23206	326593
54215	55994	323200
28277	46358	337531
24229	18945	329789
1529	21412	322382
35518	51636	334647
51112	35123	330143
46188	24982	336878
33014	63487	331986
54149	54849	331528
47291	22486	327971
9409	11536	323357
57797	59469	338077
44584	16281	339583
35932	45058	334539
51974	59351	331944
17048	43530	323115
44376	54757	333213
30277	58277	324297
38511	39617	324636
60876	58674	323484
25515	12107	324728
52967	1087	335664
28869	27685	336542
52906	20036	331340
44244	5430	335670
57415	34773	323846
20670	44143	329492
62869	12236	330470
19138	20490	324032
23464	56788	338113
23719	34501	331840
29449	20396	333568
38790	36835	332504
13411	33857	324515
63300	17805	339025
45136	46112	333511
27867	50631	327674
41398	57590	332575
29876	34724	335565
44499	39016	337780
1318	18009	337801
48129	43268	324874
21802	17897	340988
29437	39990	332532
26237	21232	335175
51669	47595	332511
19552	57712	325679
31443	57680	322007
34455	39279	332357
60281	20691	331477
11561	27452	332506
30733	55932	328794
21623	17271	340626
8082	13568	340193
53178	10138	334055
15012	42644	335886
11483	58063	325170
42920	43216	331263
59662	54517	335520
47893	57418	326490
12603	2981	338414
28825	37565	324081
917	29430	326335
25620	24472	330844
54741	13744	322444
12862	4427	332809
55159	57446	324792
53779	47727	333703
14516	2092	323002
43430	22805	331912
27548	41966	332536
41342	17438	326395
42712	22255	332043
55675	54756	324437
43036	26619	325939
47799	60124	323881
43389	25945	334655
20993	46595	340533
33874	21322	324713
37454	37107	323910
38031	56749	330710
9381	12695	338726
16986	31708	323362
22022	29133	332409
58089	58268	326366
28158	21413	325197
47180	35708	327630
45048	6369	335267
18359	46505	325774
9382	50928	325448
7323	12570	334036
54713	39621	333101
52027	63215	332666
19347	1533	323768
58293	40764	322874
28450	60897	340989
19195	31094	339191
53970	9403	324984
18880	10208	338501
52988	21879	326989
38935	34119	325611
29877	39681	329681
7950	39589	326087
46410	13823	339263
31324	21677	340420
61610	56734	326605
35754	38047	331379
44033	4283	338578
4206	55053	327660
62695	49092	333939
49645	40422	340158
990	52486	335195
31064	17833	326195
60515	19602	337207
15942	14973	328797
54060	40662	340447
3829	20348	332084
58294	14676	324321
38688	6629	329801
61803	33899	336297
40421	43726	322266
37556	59973	335913
17792	53855	330948
50646	31005	330206
32484	28040	338549
14225	40090	327003
41842	42531	325451
31129	12755	329309
21753	42766	334090
50479	23436	328450
40964	60052	324971
14715	59595	338189
20353	9302	332448
33625	61053	323995
7404	41157	341032
28438	51383	328352
14236	57617	332674
25910	46707	322064
33216	9409	328315
50573	11098	341131
47746	55594	339997
51982	23876	338453
18885	11359	332239
35384	3604	336633
49280	42039	326133
701	50856	334481
34052	46478	326318
27647	31108	330858
58285	15442	338073
39401	8817	332850
4442	59706	321543
6623	26805	340046
47752	21917	321944
357	20267	323970
37993	26104	332344
50811	44369	321680
59187	47582	334557
60522	9326	341068
37439	57258	337068
54528	8331	325722
42761	55891	323518
35574	30548	327936
1024	47184	331540
4201	57486	336289
22384	10391	325531
51528	20936	326110
33937	20234	324344
34762	3874	335751
18678	6694	324231
59728	56094	322304
30601	17614	325200
59127	8150	339260
30526	61544	338561
46335	24881	335178
56018	26456	324020
49504	871	326158
39812	7373	338731
7283	33006	327654
47039	15353	338016
9215	49090	337958
24797	24122	335149
63637	44461	333314
1485	27147	322477
8936	24302	339383
30386	45583	336252
10739	42617	336792
52808	13530	340085
30957	14046	325955
49594	55706	321760
25874	11148	328474
17999	32711	328445
11750	11811	340077
35220	30779	333930
6170	6569	339585
51095	18749	340333
33966	10021	340135
52699	63383	337898
47650	7769	337106
61367	56946	333229
51632	34641	337386
33149	6493	335938
39924	23146	331568
14295	50443	322844
62149	51106	335362
60720	6204	322741
20207	8472	326505
13970	24361	338329
19933	49670	334030
22723	59567	335911
30634	30529	340954
58677	3533	326036
38850	10545	338579
19381	26060	335946
55966	33374	332076
49444	24494	333116
14985	10401	327782
57556	35660	327419
50425	15471	330590
31351	1901	323505
63561	20792	326194
52545	29250	331727
22419	27531	341043
38693	30011	325151
34725	23344	329954
530	4584	325035
49866	10355	333922
38728	35273	329473
37266	43756	338004
5827	28435	338905
11976	39685	330635
24712	25305	339927
15321	24495	330249
62885	40735	334982
6772	47788	339465
28780	59318	336946
32696	551	321747
7526	3250	329956
56638	5059	328802
3300	47793	328552
34489	32384	340234
51415	40252	332204
39170	63	337012
9698	54733	328921
31177	40993	340186
9633	4405	323138
3047	23574	327866
55955	35812	331784
25949	51096	338743
61433	5574	335060
45861	54402	340405
36254	11241	328712
50947	13795	326340
46778	53658	329213
35798	46511	325828
43545	42985	338934
29796	4063	337234
24545	11544	323038
30857	41285	340925
17642	13823	327318
34625	58281	324496
19465	32408	330824
9563	12564	336301
29423	13608	337973
40633	26888	331845
14841	49896	322315
6567	33976	336358
13562	42602	326392
2556	29016	336575
50349	35876	334652
11041	33837	324575
17806	38730	332846
49064	30256	322026
36148	27738	327656
44701	12380	339614
63316	5580	334966
27774	17461	333659
54809	50684	334855
45126	61739	326243
54267	33262	327241
16195	24114	325570
17857	25419	322678
56819	15762	321832
46841	58746	338432
20924	38643	325526
22509	42965	327107
37094	25631	332740
47520	2834	333286
60902	2653	327654
36252	59175	338328
4200	10029	334984
24745	24758	336081
36685	26288	333202
55380	52621	334957
38834	25720	333765
37781	778	329574
45078	46113	323992
26103	38264	337697
49008	15994	332752
22055	37721	323757
16500	34650	329117
23984	124	340852
30375	41770	322008
13437	16956	326053
265	28643	337704
30609	33305	334937
31900	34863	330191
3122	15336	340152
62383	53796	330836
36045	61628	325540
17838	48365	322807
51550	4854	332288
4888	8773	337183
39103	58610	336915
22735	6797	334392
185	57454	333581
44574	15425	333821
25767	39715	325674
34064	42540	340412
28864	18604	321821
61587	9428	328051
23144	58991	322868
13397	9381	335080
21462	29251	328055
37368	49019	334765
17482	53102	323281
39909	11195	327374
37019	30179	333874
59834	5475	322980
16107	24781	338042
18186	49697	339672
59626	46533	338368
45021	714	334908
30339	25452	323422
978	29058	340323
46140	9803	331375
24703	36532	324903
56095	16998	324435
43619	24755	329115
6649	55878	340429
38304	30386	332041
53196	26571	326449
60772	34577	337382
58867	62296	323008
26736	738	328803
60569	22122	325610
27283	13605	326201
1467	26178	327535
31362	21576	331704
58227	12479	325769
20923	42588	324830
28995	57191	325142
17256	52055	322897
51927	3194	338474
50386	56144	321830
63265	50421	324015
61075	28176	334453
49630	29291	337166
14637	12865	325486
56803	46523	321721
16237	30045	324035
8096	40697	338753
25926	1970	326939
6339	11755	339823
49238	6418	327081
21117	28631	329091
27432	28538	327816
34781	33913	335846
11731	26989	328736
34061	7657	323966
62160	19009	332206
21285	38641	336620
25710	57703	322149
52755	26465	337894
53123	2450	332416
7850	43572	337233
39969	32202	323961
54038	997	334915
45080	44051	328717
13846	29646	336009
56393	44729	339187
45713	60041	326986
23216	13178	321739
39058	45906	340766
19861	51990	327156
12518	50122	323683
274	30579	340257
8809	5102	326691
62404	48519	325144
47913	15687	324847
13477	2391	337242
55913	40119	334691
34105	12568	331062
27454	45864	341161
44052	53410	332146
44664	6438	328268
38622	12660	339830
46190	48562	324489
29460	59175	330544
27049	44690	335074
26721	37934	330549
34756	25689	339055
400	48099	324285
36644	9892	333062
55131	33653	339623
16769	2558	331860
5404	12120	335722
17856	450	331088
22319	61196	328399
14254	41291	329724
38954	20573	337484
8280	16136	339911
61242	38144	329278
54766	4963	325958
34866	11755	336079
23652	2921	330731
34813	11047	334150
25552	4418	329464
50915	54441	323185
54157	59881	337050
63137	63297	329051
27281	27426	324944
54946	33916	327306
47797	30794	330218
52285	17032	332052
36541	19434	331811
14495	15244	325695
13085	5213	339313
45677	16533	338998
32209	5819	338914
46950	992	327460
11985	53374	322902
33612	9814	328459
29150	24585	339526
44583	17277	321885
52032	18633	325399
49784	54838	337147
12134	8476	330522
31077	29663	324359
26536	39769	325838
14828	47212	325994
5744	34158	325856
43004	3732	328867
13259	52631	338150
59865	8113	325224
4060	9444	333142
40488	58439	332308
34146	7176	339151
49157	23896	331730
30054	31273	337707
21096	18733	329656
57476	29054	332827
16836	18535	329655
41869	34851	339731
51287	6370	328846
45901	46535	331162
48557	10024	324114
12897	33291	330507
5883	10056	321966
42047	58918	327719
8839	36145	326925
42934	55835	324368
982	11586	330237
56495	9115	328772
54989	26325	340371
60597	31473	337606
47855	9943	326864
60781	9042	336298
11183	8463	330937
19164	9225	334371
16559	18024	323551
12078	7895	324820
684	53240	338284
47114	26058	327816
58998	27671	330986
52301	37924	328466
1150	26126	333087
38948	60668	322725
20325	1728	338610
28910	10382	338483
46646	17791	330148
48268	3743	333591
61508	57120	323283
32265	22695	323487
35609	57644	330042
45153	51919	334653
43619	36205	324060
34135	18578	328016
8005	32464	325777
27086	41752	326198
8110	46838	333509
17266	10433	330244
56500	3725	333509
27559	40518	339534
32173	8026	338687
12319	27667	328795
11400	1500	327401
60036	3213	339918
29897	7072	331972
58030	12794	325655
62606	25799	329092
3633	12114	325622
55569	33217	341054
28243	22157	326518
15125	58492	322137
12978	55166	330482
54419	6016	321929
9654	37694	339108
29990	25577	331950
43089	19407	325701
29539	44277	333660
15629	57489	336670
32311	40742	328687
63432	14198	339078
39527	60655	334518
35356	23015	328993
37478	58752	335408
27351	17579	327068
32846	46147	334857
46594	20949	337499
5459	35598	328545
41961	22213	322887
55269	47280	327853
36855	25585	322008
42996	11712	338723
1017	45314	339626
17992	30146	334897
5841	22521	335906
47997	58444	339820
23689	18814	329417
41330	13599	322123
22232	6475	340441
58346	13174	334010
41278	49165	326118
22781	42377	328970
51549	31606	328153
46064	13741	334502
40707	5035	326441
54171	43278	335374
18134	11285	333268
28720	10926	329044
61705	4419	340242
58242	24515	330201
42474	37534	332708
22626	63451	333393
10762	30034	338467
36578	26273	341110
12796	39963	335650
55212	10989	325430
16458	45389	322384
15865	1242	334312
39766	62269	328281
56089	35868	335000
20663	38033	335267
11797	22270	324361
27535	22237	333486
43886	56116	324466
62789	43059	337293
59760	63403	330698
63518	23410	324616
2328	739	333324
42676	20856	323128
162	10668	335310
48598	4175	338444
41266	46119	330986
48459	2553	321758
16278	52902	324604
34421	49761	328967
25108	26085	336088
45187	7610	331431
28536	18678	323857
14021	27753	322971
56248	9067	324052
63566	50171	337742
14627	16143	328137
10748	18349	325352
49547	41851	321898
16	9644	331534
9823	48866	330825
19156	53319	329436
32229	43016	337132
3153	2828	337112
17228	47765	333458
4310	21645	327912
49621	40609	325949
50679	51206	336214
21849	4493	336917
57130	39660	340354
11168	60086	323928
26020	34981	338781
41930	59348	338953
62383	3640	321778
62338	33878	332690
34972	8435	333220
51121	23244	331133
53969	39184	332780
51969	26414	335110
10559	1421	326479
755	55206	337711
25965	8439	329700
17870	37904	322134
46670	30734	338518
62470	16218	339969
32344	47868	322999
33461	25910	333094
10860	21013	332354
60007	431	331922
51932	31225	333160
37085	54764	323535
37650	45541	327431
35853	59769	336086
17630	22126	327933
12997	38415	332122
23220	5648	334997
12744	15020	336297
51519	17253	332056
49134	51043	336259
22457	14732	328266
24845	32708	323793
3852	22769	322451
29307	4065	333641
27392	32089	325253
9873	40770	334238
15345	22913	332722
29386	44705	322445
26673	6670	339147
30514	17012	337043
10505	27553	337873
26805	33247	328770
9004	48250	330472
35411	26383	325650
31024	61540	335458
43639	34342	335753
51598	42375	339835
33120	47727	322116
9658	62335	333609
57555	61169	333790
11555	58297	336360
415	55489	336294
62760	54558	340554
14303	57398	338568
8312	52546	323098
41643	36530	327147
16494	21930	334042
5488	18884	325071
14581	22161	329775
13256	31240	329547
20624	61900	326503
33945	47564	330042
29610	36852	333717
47994	26767	324737
19218	20782	336471
10028	21310	330288
14518	6106	326233
24656	29230	338162
56684	44695	325403
29216	40607	328939
14642	59940	329317
6917	52461	326010
10826	45029	340307
26119	56315	336515
19180	58693	335251
35792	59296	324657
23312	18498	330208
54854	44073	324306
5589	20836	330705
16639	54781	339711
12422	27303	334610
37015	1316	323219
8609	12688	332280
45131	59392	325870
45621	42259	328660
14011	14796	323430
58992	17470	329621
2022	33804	337848
10675	17412	321932
12858	16042	329214
2319	33647	334242
11732	3367	329504
37785	24391	339734
14120	30160	333458
30816	19363	327905
9784	57303	337868
30280	45879	324172
48873	24456	328689
45131	20932	339230
41937	31626	335926
30406	46118	339061
44589	47769	321848
45106	19126	331847
50165	63492	339355
58768	41754	324938
60485	39372	321815
41170	22205	328229
36650	28176	333919
58376	17127	326399
26116	14864	330207
37347	40494	330949
23524	43242	324380
33033	11901	332170
1574	54886	335257
19484	16754	333133
53380	10744	337250
28471	62541	330167
22197	12601	322544
7023	45136	332711
40637	60685	326635
55464	54578	327092
62995	27997	334897
59146	24485	333629
8141	27061	337188
18112	21996	328682
34218	30361	339886
21228	27574	340996
16128	21878	330336
27481	38214	338387
38119	43760	329616
11693	19979	322278
51716	59449	322757
40879	39341	332640
40170	44738	338679
1485	32275	332632
28039	20727	341049
36387	36384	336270
61125	26623	340005
36025	42964	324169
32105	7648	329714
30783	16943	328819
54013	5064	331355
30978	50310	331048
17046	46946	332238
41592	55166	322663
22048	46379	321696
37075	718	328146
18108	32738	338101
53237	32186	334298
27225	12913	333098
56527	26100	326021
27051	33538	340382
58596	21606	327712
61959	43216	335389
41442	18411	330907
53843	58321	324482
53617	767	340237
16686	27414	340209
22205	9833	329716
24310	10381	324183
25098	5418	333491
29188	33994	323725
63238	60618	327850
1302	21717	326308
53344	5207	338008
34220	1972	322246
824	8545	321988
49426	32882	339811
48352	60907	323085
42710	36372	332326
6698	18725	323774
61276	41163	335901
14842	20675	337344
29123	9829	326996
4806	36480	322329
26428	29252	337191
31125	44436	327049
57671	33954	337628
33487	62896	331245
23423	31193	325612
32679	10706	329683
6168	37139	334894
37947	1409	339478
45796	35739	339479
634	44733	332980
21436	14241	329426
10696	63384	324205
52743	49530	339736
61162	18066	328501
32283	59462	334756
59180	38102	330876
3395	27081	324152
34123	16779	327192
27530	6654	331688
50100	16324	334627
17389	45052	335067
44511	48603	334970
37574	33144	333190
30866	16123	339921
60899	63537	325740
12577	20374	332563
7460	13869	324960
45479	27679	334983
35723	38503	337063
32692	29048	334695
43600	26830	338839
33333	14481	335349
62956	57985	328017
25632	27303	327846
18158	18800	328581
27280	25122	338027
29474	32952	337485
35388	38493	333814
32486	30701	337394
59347	53180	324688
13321	1806	328475
52862	26587	329744
43540	38218	326773
1668	29340	327266
19130	57052	326168
1017	15441	330179
16925	57922	328872
62794	25317	327843
539	8594	331491
27651	10464	339284
37106	55903	336450
46927	41104	334947
40745	32095	329761
20081	58126	331417
59221	60525	333475
5915	54098	327984
51	10630	339059
32478	15561	336079
3766	59776	340940
49927	20280	324996
41930	60762	325881
44237	3278	338415
48427	48439	324745
52640	36598	330838
63653	42565	340508
17590	11814	323059
51689	42702	336628
44834	47425	327555
6354	340	332859
45406	43317	330689
57362	13746	333574
16350	52499	334917
28057	42708	332597
5114	56788	335451
19087	33358	334709
38698	2136	331543
6958	43578	327803
44236	62891	325898
33199	1332	322050
32622	29818	325847
25103	56730	329028
1634	29030	337008
13184	45448	340664
40523	52802	331635
51357	59251	323951
10594	4725	335950
21084	40533	337457
42269	62066	325305
40576	19889	339907
33081	40098	332379
17906	8927	333078
22946	17525	333372
34305	59816	322368
11454	12249	325979
36720	3166	334523
47643	5600	327134
55412	8379	327108
13026	40163	322943
16598	15027	328971
46438	41494	341155
27689	4299	327003
22886	33640	323121
52010	51584	329366
19308	23742	331587
22034	1105	329568
16399	16740	332628
46043	44174	340007
57367	9169	337217
26372	44200	336224
11395	46792	336094
18044	797	328252
42107	19527	323012
51614	51613	324634
57637	23181	325942
49097	56386	327386
50607	45593	329087
15703	48964	335577
5919	18916	323588
3954	4020	325595
18097	62762	321752
34161	30284	329831
22053	29752	328336
31183	47512	336150
61584	12154	333035
26039	39889	327382
26735	14937	340942
22685	30817	334992
8588	4347	337951
58296	62122	337737
57705	27040	337529
42794	36271	334964
36148	8859	325721
34705	25819	330842
1349	43243	339888
43168	4909	325170
15483	23825	326235
14948	23412	340904
47992	58540	324133
40866	41164	321817
58681	1793	339406
30475	53779	329924
38239	29732	330448
63435	44013	324724
50513	985	328165
7465	21761	338358
36059	20127	326763
22127	26653	323362
8130	6377	336915
15287	1154	324629
5770	48841	331872
51086	34272	331149
39722	50304	340228
40241	48815	333243
7759	15994	339696
33542	21168	338872
34224	44720	322955
29743	22104	323833
36933	46637	339276
52590	60780	339236
59023	44975	332423
16027	50728	335992
4873	32938	333617
11098	41433	324624
13575	41811	340117
41565	43337	335430
14541	45114	321807
60769	11714	333175
20511	25926	323932
46618	43540	340524
11652	38794	330764
27198	35387	326367
26157	38800	335230
4998	27386	340083
13775	51687	330042
10402	57949	334274
4820	49573	333310
13754	41152	328234
23294	50361	337020
51325	50527	339439
17493	51594	332137
10036	48916	322250
18047	20089	322233
45239	41844	336781
49767	7752	323311
27543	4486	327542
13321	62968	337035
55199	22719	339364
21204	5142	323926
41966	21223	339404
63293	32217	340955
50326	40356	330472
26207	25238	329641
15074	7264	327980
53610	119	336163
31509	18477	325405
41030	11106	327034
49926	41120	325967
38744	38351	338183
41596	28349	331115
38739	51290	338315
31288	25127	338542
18762	1563	321533
47568	7794	329321
62095	55455	334024
54479	50502	330548
32593	37051	332556
21964	42134	340428
17627	47718	323632
41262	61397	325804
27327	47883	326079
25703	8335	332170
13303	59846	325842
5970	26009	337438
38914	2173	329457
51738	13917	326470
35361	57363	334120
36819	43006	332221
52796	1402	337902
10621	45920	328666
59130	8039	336660
54985	43165	327504
42780	5591	338153
18147	5833	321988
10122	23105	324709
17850	16302	335947
24758	58253	327304
32779	48601	322057
32654	16638	336065
7580	43815	336001
36076	36104	326859
1337	25075	329232
18269	1347	340889
3351	52617	337883
9006	58032	333889
4302	12411	322273
33997	5546	325694
25157	39174	340834
16118	31677	324901
38957	58390	328368
38525	10137	335796
23899	48007	325583
38887	44	332479
25326	11338	329377
34681	42990	331907
31580	54366	335384
6667	58098	337544
23126	5790	327036
29171	34411	338616
45245	46039	333093
6377	22456	339653
41151	32856	330371
54827	7466	335359
58010	830	335913
29820	14923	322327
16496	14613	338238
54611	37557	338954
42878	41802	335012
45925	49435	331265
6451	27366	336034
1570	6798	322345
13003	5100	339346
51827	3197	332984
15365	63446	324647
32788	60301	324484
47194	24604	335969
25026	41992	339137
38108	25807	335386
43084	7626	330215
49510	58576	327078
55560	31154	323282
52136	24575	336969
51534	40857	321811
30782	38565	322205
49438	28359	340448
62455	50974	324534
28082	4148	321850
46196	47147	335999
16146	17345	328058
51965	31694	336429
46327	22238	333466
40793	28156	336520
16898	21054	332711
5876	6725	325540
18891	15607	327259
17081	31975	327235
29201	41602	324957
43531	57498	335631
52350	63379	334416
38348	27037	329783
37401	62277	330402
25427	35165	332416
54749	11169	331629
55778	1636	339651
39697	31290	324584
55333	52493	332290
45487	11470	322615
51549	52847	338352
32072	22097	337069
18440	47731	340264
970	38345	332844
54718	35358	326107
19208	9186	332920
16939	12804	339682
6597	52841	323419
59511	38289	327996
63657	49542	336803
30098	2941	333850
41353	54419	330312
51457	23576	338789
19888	756	331229
60555	44633	338868
12485	61035	339554
34914	11446	322761
6640	47737	333551
44537	5884	324131
38016	6224	340015
18785	59035	326884
45185	39130	330714
29726	11443	341053
19383	60408	338077
37466	11993	330987
908	36785	340424
61695	20026	337300
24278	51277	326159
39649	12585	321970
50910	27703	338375
49231	9782	340785
13981	62042	331720
52561	382	328544
16335	16114	324107
19708	17338	323044
7370	28183	328570
23335	54635	323942
32032	12124	323878
55463	44742	323432
63067	53594	331266
51057	33773	337985
5255	21195	340115
20293	43873	334979
31072	38120	326325
53250	26175	328479
16887	16086	325901
37169	25727	330199
30121	47964	323927
43623	36601	330392
25235	54181	326453
37164	8613	330299
41673	8543	341028
25589	47566	336222
18649	23400	335974
60921	43640	332807
24938	1423	326354
60495	50136	336340
2758	25190	328478
10469	45067	326265
48032	53926	334758
34876	16474	322148
63560	2488	335217
17165	9101	324670
15880	60847	339724
50434	8014	330714
46074	63648	325756
12522	11611	325823
15432	45982	335428
50237	46433	336929
29598	44447	330211
7793	40951	325248
5122	39878	327493
34128	4878	328232
51180	4459	326627
58161	58554	329307
18924	2815	332507
17323	34372	336253
51737	46126	329232
38924	54243	338060
42434	50701	336472
15498	38037	325265
14476	2942	322121
45296	19887	325343
60482	56117	330894
11574	24340	338516
47200	40959	329232
61063	33815	332995
8690	5685	323413
30968	6393	330773
25963	41062	337721
56281	31461	339813
59969	14604	331256
14035	9318	325653
28250	25083	340060
3440	2646	321701
20080	1791	334934
16644	56321	335899
29651	19626	328351
39288	10508	329530
15404	53855	335250
50468	43932	330559
35620	15379	330019
6837	38277	340890
4577	32637	338603
57732	61514	326535
54849	28695	330742
41184	57915	332254
12127	2497	329606
11478	31160	322767
37629	1428	323095
36325	15398	333077
25822	51810	324699
33415	49509	338248
54463	45755	326216
8606	25493	325920
3325	1764	322806
58614	63523	332113
26883	38439	328630
32266	48619	337946
11352	22048	330898
49726	22494	327697
44753	11313	339086
30177	25427	323699
25296	43138	335694
35875	10934	322103
53081	13347	340460
26146	50959	333664
35241	839	334206
33617	20009	337797
52504	24287	332585
44737	28262	328071
556	21252	333099
4145	60428	324656
22419	4106	337473
53164	15627	322274
43094	58500	337406
55643	24053	331049
27608	34828	327187
18578	53095	324707
33390	28569	327678
11024	39341	334961
51420	36191	335745
61845	32917	340776
48164	58855	328062
59436	57168	325715
29683	42668	333090
9824	6274	340750
46303	54783	340303
25454	34265	327469
9894	39285	335937
58395	914	337598
29880	30798	327010
17559	58861	327635
16464	13599	338672
7926	2884	340341
20712	22105	336811
26805	20336	335503
4519	16256	337614
52095	34168	329176
34041	51590	329267
16930	58909	330558
32128	40972	324820
34298	59720	331173
52506	17737	331703
25121	8193	333447
40498	40155	335869
52226	6666	323715
42894	62072	326459
58536	60542	330745
63553	24834	333308
9618	58559	326027
20858	18507	337864
6336	35761	330140
28543	8478	335711
24762	60927	333013
58227	55015	335308
24101	16310	324849
38657	9316	340532
17190	37171	331897
14383	29264	337397
18887	40186	335903
10802	46869	324396
33763	15713	322904
58430	19217	333052
51704	22783	330263
34595	60804	332693
52619	53444	325176
39478	9417	339389
2641	10922	324309
17236	44653	335622
733	47241	338592
13833	4286	335406
20758	31459	334549
2431	34681	340108
53865	61164	327689
14362	29401	323430
26509	30560	333657
13468	38950	327913
35826	13680	329032
36924	13438	326496
41723	51285	333964
3655	26838	325709
5017	8805	340130
6409	48994	322150
29041	57950	324052
58472	61161	334781
54018	12997	334226
34562	58373	338270
8300	42915	330463
36325	47745	325243
39326	8400	325825
53419	33863	330434
1547	35914	337176
44752	17197	329091
41291	23506	327726
18926	20853	322920
55413	25648	331252
2003	37884	332611
16769	62638	336767
11345	19750	335865
38945	4272	339041
27359	5883	338277
13211	57683	321578
42715	43571	334134
32466	60772	334866
12052	7040	333677
1621	51694	338234
33230	15472	340647
18205	54808	329443
24867	34340	333766
44051	3197	322654
52287	38836	335633
33091	27812	337549
11485	44744	334289
40846	1538	339006
54370	19657	328714
31693	54866	329230
16110	32488	322151
36147	10153	337499
63493	29127	333749
14809	49355	332721
53389	46194	335286
38581	54081	336051
32487	26090	324952
52139	16299	326837
3837	23286	324893
60298	45950	322954
53393	7807	338863
45332	30022	327155
25750	57514	339540
60872	15026	327331
49015	49794	324876
56069	441	332255
9935	19304	339473
41740	61363	336063
48374	51758	321711
23360	42501	322517
9606	34298	327933
31909	44921	329516
10960	35970	333340
7369	5249	331899
34421	61124	329323
25821	42567	326750
32840	8551	330874
10625	24728	336261
40198	46569	332761
47312	57392	326036
29883	23425	327550
54780	7913	325606
39273	23996	330204
8370	13138	337012
45220	50671	326531
47012	59382	330187
53623	61877	332592
2585	55141	327149
43839	40236	328643
15431	46530	334595
61691	11129	326812
51576	48190	340349
20634	32500	334701
42978	59384	335727
4002	62631	323034
51628	41350	336490
47568	40482	328486
24317	17053	328864
19925	18473	328645
23021	4227	335784
36198	220	329851
12300	13439	334150
19413	58815	336320
34318	61904	332228
12881	28435	333578
1223	12551	334062
45913	29273	326128
46894	16972	338440
35562	61958	341145
48133	20697	329479
47617	2549	329898
30327	7083	327651
8544	52685	333887
32596	61550	323567
55641	1175	339074
33730	57656	338143
18672	6490	328731
31424	46844	327171
62793	47040	326065
32587	8582	335187
17692	55095	322546
38939	21098	323269
52759	10128	333167
63475	12618	340030
54503	24000	338156
57323	30737	325308
48802	63608	335296
52890	15491	334394
29556	28705	333074
4963	5047	331466
24599	57650	337994
38689	43263	326452
44852	41880	336851
6431	43688	324226
16078	1972	330958
15251	28387	334585
8782	44243	323331
39658	36600	326083
6186	54437	339512
18618	35119	321741
40059	44626	322957
21662	42785	330057
30229	55768	326802
20852	10164	323967
16153	770	322294
12559	31462	335803
49500	55961	322919
58637	5685	325944
32884	18869	339748
9116	61692	326496
54440	1725	334471
28254	22925	330730
18159	36770	325177
41453	10942	331158
40066	30925	323063
37973	31392	340247
42486	30550	339809
10694	13973	340157
51801	58000	339167
31989	36493	324984
7491	57348	339535
26560	25372	331891
49479	39059	332111
43400	51885	329459
52354	61389	333826
48869	47944	330920
58391	40478	338339
30595	51843	329145
62693	29668	328024
43292	63047	336565
29661	41908	325226
41666	41655	321810
16277	40374	335956
15322	43989	335370
2546	20093	328234
31402	16510	334862
18211	31322	336979
32888	57088	324382
43363	9021	339704
9665	52876	333857
28210	56611	332145
2953	36848	326905
43030	31499	328875
27703	40367	325970
44072	47419	332811
20938	41923	334245
32213	14663	322376
35341	12370	333122
23835	37745	340710
60476	20612	333696
6001	57610	334864
54669	574	336074
11206	41990	338070
44345	10227	327828
1272	1294	328953
11748	54443	329167
54362	31032	325005
12697	21270	322246
30909	54097	334471
15793	14804	332906
11131	2906	325799
22155	51594	324082
60498	60267	334684
62184	9676	335843
23709	560	335589
58676	9977	330427
48146	50856	330342
34217	47258	339965
62632	32316	339718
4932	54615	327002
17143	26028	324904
3992	39369	333724
48632	25047	321642
7331	26926	340749
17153	49312	322237
18538	17017	340408
50827	23545	326293
47447	2477	322763
57582	15995	329400
28159	37638	321590
31973	41280	327451
32476	23881	324711
44906	18789	328286
46355	33758	339850
19728	29073	331036
8427	16703	337892
49841	55966	339671
2256	48674	337927
26902	5306	333673
24574	43065	329903
50134	2505	339515
13188	1447	340323
12785	52168	328201
25546	53686	327649
24857	1603	324537
48903	6840	322895
35568	12688	325263
22791	3741	338584
60224	16263	328909
36544	727	339947
6356	28857	337615
57503	15131	340059
35840	25866	337302
54268	19813	336536
31913	9212	335946
44561	32039	326458
41733	57534	337649
26880	35962	340085
28833	952	327278
35748	1465	329348
49701	52545	331720
58770	58318	334308
41392	34960	341089
40842	51284	339664
30830	11901	321668
40265	57182	330964
61848	17466	325092
33462	54233	330756
56923	13114	341159
37392	37288	327868
9727	28162	334106
19789	44908	333865
60673	14387	326178
24663	44471	336692
41575	14746	327777
62720	7275	329135
172	60409	327171
43157	54549	321766
16351	10656	328807
13114	31725	334949
62066	51609	332228
62552	27843	329064
973	52074	330538
9003	61231	332176
53821	18506	321725
37339	28101	336978
7765	23539	331728
26267	37364	334586
52443	23754	337661
13259	31694	322124
56008	27968	327827
38854	44090	333243
53299	32070	326474
36476	41974	332267
12215	11477	331778
19700	50687	334168
31480	2388	325105
10543	19045	325514
3570	43606	330561
40211	26210	340806
23286	35374	322803
38284	10727	323322
11580	3232	322890
11983	28290	334216
3456	39769	326796
62122	44479	339316
20737	41678	327360
53879	19292	325187
9061	10521	321933
27967	41176	330978
24488	58292	323651
42079	49734	334622
45833	57137	336058
8266	47707	326836
54692	29769	322077
48525	52030	326093
30749	31559	334270
7202	55176	337780